rram2t1r_vprog2p5V_inv10 = [ % Wprog, Vds1, Vds2, Vte, Vbe, Vrram, Iprog, Iprog_Wprog, Ron, Breakdown_check
1,0.602,0.5333,1.898,0.5333,1.365,-130.7,-130.7,10.44,{'Pass'},0.052,0.03837;
1.1,0.595,0.5223,1.905,0.5223,1.383,-140.5,-127.8,9.839,{'Pass'},0.056,0.04134;
1.2,0.589,0.5124,1.911,0.5124,1.399,-150,-125,9.324,{'Pass'},0.06,0.04423;
1.3,0.582,0.5037,1.918,0.5037,1.414,-159.2,-122.5,8.881,{'Pass'},0.063,0.04703;
1.4,0.577,0.4959,1.923,0.4959,1.427,-168,-120,8.494,{'Pass'},0.067,0.04974;
1.5,0.571,0.4887,1.929,0.4887,1.44,-176.6,-117.8,8.152,{'Pass'},0.07,0.05238;
1.6,0.567,0.482,1.933,0.482,1.451,-185,-115.6,7.846,{'Pass'},0.074,0.05496;
1.7,0.562,0.4757,1.938,0.4757,1.462,-193.1,-113.6,7.571,{'Pass'},0.077,0.05749;
1.8,0.558,0.4699,1.942,0.4699,1.472,-201.1,-111.7,7.322,{'Pass'},0.08,0.05996;
1.9,0.554,0.4644,1.946,0.4644,1.482,-208.8,-109.9,7.096,{'Pass'},0.083,0.06238;
2,0.55,0.4591,1.95,0.4591,1.491,-216.3,-108.2,6.89,{'Pass'},0.087,0.06474;
2.1,0.547,0.4542,1.953,0.4542,1.499,-223.7,-106.5,6.702,{'Pass'},0.09,0.06705;
2.2,0.544,0.4496,1.956,0.4496,1.506,-230.8,-104.9,6.528,{'Pass'},0.093,0.06931;
2.3,0.541,0.4452,1.959,0.4452,1.514,-237.8,-103.4,6.367,{'Pass'},0.095,0.07153;
2.4,0.538,0.4411,1.962,0.4411,1.521,-244.7,-101.9,6.218,{'Pass'},0.098,0.07371;
2.5,0.535,0.4372,1.965,0.4372,1.528,-251.4,-100.5,6.079,{'Pass'},0.101,0.07585;
2.6,0.532,0.4335,1.968,0.4335,1.534,-257.9,-99.2,5.95,{'Pass'},0.104,0.07794;
2.7,0.529,0.43,1.971,0.43,1.541,-264.3,-97.9,5.828,{'Pass'},0.106,0.08;
2.8,0.527,0.4266,1.973,0.4266,1.546,-270.6,-96.64,5.715,{'Pass'},0.109,0.08202;
2.9,0.524,0.4234,1.976,0.4234,1.553,-276.7,-95.43,5.609,{'Pass'},0.111,0.084;
3,0.524,0.422,1.976,0.422,1.554,-283.6,-94.53,5.481,{'Pass'},0.114,0.08622;
3.1,0.525,0.4227,1.975,0.4227,1.552,-291.4,-94,5.328,{'Pass'},0.118,0.08876;
3.2,0.526,0.4237,1.974,0.4237,1.55,-299,-93.45,5.186,{'Pass'},0.121,0.09125;
3.3,0.526,0.425,1.974,0.425,1.549,-306.6,-92.91,5.051,{'Pass'},0.124,0.09373;
3.4,0.528,0.4263,1.972,0.4263,1.546,-314.2,-92.4,4.921,{'Pass'},0.127,0.09622;
3.5,0.529,0.4277,1.971,0.4277,1.543,-321.7,-91.92,4.798,{'Pass'},0.13,0.09872;
3.6,0.53,0.4292,1.97,0.4292,1.541,-329.3,-91.47,4.679,{'Pass'},0.134,0.1012;
3.7,0.531,0.4308,1.969,0.4308,1.538,-336.9,-91.04,4.565,{'Pass'},0.137,0.1037;
3.8,0.533,0.4324,1.967,0.4324,1.535,-344.4,-90.64,4.456,{'Pass'},0.14,0.1063;
3.9,0.534,0.4341,1.966,0.4341,1.532,-352,-90.25,4.351,{'Pass'},0.143,0.1088;
4,0.536,0.4358,1.964,0.4358,1.528,-359.5,-89.88,4.251,{'Pass'},0.146,0.1113;
4.1,0.538,0.4376,1.962,0.4376,1.524,-367,-89.52,4.154,{'Pass'},0.149,0.1139;
4.2,0.539,0.4394,1.961,0.4394,1.522,-374.5,-89.18,4.061,{'Pass'},0.153,0.1164;
4.3,0.541,0.4413,1.959,0.4413,1.518,-382,-88.85,3.972,{'Pass'},0.156,0.119;
4.4,0.543,0.4432,1.957,0.4432,1.514,-389.5,-88.53,3.886,{'Pass'},0.159,0.1215;
4.5,0.545,0.4451,1.955,0.4451,1.51,-397,-88.22,3.804,{'Pass'},0.162,0.1241;
4.6,0.547,0.447,1.953,0.447,1.506,-404.4,-87.91,3.725,{'Pass'},0.165,0.1266;
4.7,0.548,0.4489,1.952,0.4489,1.503,-411.8,-87.62,3.649,{'Pass'},0.168,0.1292;
4.8,0.55,0.4509,1.95,0.4509,1.499,-419.2,-87.33,3.575,{'Pass'},0.172,0.1318;
4.9,0.552,0.4528,1.948,0.4528,1.495,-426.5,-87.04,3.505,{'Pass'},0.175,0.1343;
5,0.554,0.4547,1.946,0.4547,1.491,-433.8,-86.76,3.437,{'Pass'},0.178,0.1369;
];

rram2t1r_vprog2p6V_inv10 = [ % Wprog, Vds1, Vds2, Vte, Vbe, Vrram, Iprog, Iprog_Wprog, Ron, Breakdown_check
1,0.634,0.5795,1.966,0.5795,1.386,-142.5,-142.5,9.727,{'Pass'},0.055,0.04104;
1.1,0.627,0.5679,1.973,0.5679,1.405,-153.4,-139.4,9.158,{'Pass'},0.06,0.04427;
1.2,0.621,0.5576,1.979,0.5576,1.421,-163.9,-136.6,8.671,{'Pass'},0.064,0.04741;
1.3,0.615,0.5484,1.985,0.5484,1.437,-174.1,-133.9,8.251,{'Pass'},0.068,0.05046;
1.4,0.61,0.5402,1.99,0.5402,1.45,-183.9,-131.3,7.886,{'Pass'},0.072,0.05341;
1.5,0.605,0.5326,1.995,0.5326,1.462,-193.4,-128.9,7.563,{'Pass'},0.076,0.0563;
1.6,0.6,0.5255,2,0.5255,1.474,-202.7,-126.7,7.274,{'Pass'},0.079,0.05912;
1.7,0.596,0.5189,2.004,0.5189,1.485,-211.7,-124.5,7.014,{'Pass'},0.083,0.06189;
1.8,0.592,0.5127,2.008,0.5127,1.495,-220.6,-122.5,6.78,{'Pass'},0.086,0.06459;
1.9,0.588,0.5069,2.012,0.5069,1.505,-229.2,-120.6,6.567,{'Pass'},0.09,0.06724;
2,0.585,0.5013,2.015,0.5013,1.514,-237.5,-118.8,6.374,{'Pass'},0.093,0.06982;
2.1,0.582,0.4961,2.018,0.4961,1.522,-245.7,-117,6.196,{'Pass'},0.096,0.07235;
2.2,0.578,0.4912,2.022,0.4912,1.531,-253.7,-115.3,6.032,{'Pass'},0.1,0.07484;
2.3,0.576,0.4875,2.024,0.4875,1.536,-261.9,-113.9,5.867,{'Pass'},0.103,0.07739;
2.4,0.577,0.4881,2.023,0.4881,1.535,-271.6,-113.1,5.651,{'Pass'},0.107,0.08043;
2.5,0.579,0.4889,2.021,0.4889,1.532,-281.2,-112.5,5.449,{'Pass'},0.111,0.08348;
2.6,0.58,0.49,2.02,0.49,1.53,-290.9,-111.9,5.258,{'Pass'},0.115,0.08654;
2.7,0.582,0.4913,2.018,0.4913,1.527,-300.6,-111.3,5.079,{'Pass'},0.119,0.08962;
2.8,0.584,0.4928,2.016,0.4928,1.523,-310.3,-110.8,4.909,{'Pass'},0.123,0.09271;
2.9,0.586,0.4945,2.014,0.4945,1.519,-320,-110.4,4.749,{'Pass'},0.126,0.09582;
3,0.588,0.4963,2.012,0.4963,1.516,-329.7,-109.9,4.597,{'Pass'},0.13,0.09895;
3.1,0.59,0.4982,2.01,0.4982,1.512,-339.4,-109.5,4.454,{'Pass'},0.134,0.1021;
3.2,0.592,0.5005,2.008,0.5005,1.508,-348.9,-109,4.321,{'Pass'},0.138,0.1052;
3.3,0.594,0.5029,2.006,0.5029,1.503,-358.3,-108.6,4.195,{'Pass'},0.142,0.1082;
3.4,0.596,0.5053,2.004,0.5053,1.499,-367.7,-108.1,4.076,{'Pass'},0.146,0.1113;
3.5,0.598,0.5078,2.002,0.5078,1.494,-377,-107.7,3.963,{'Pass'},0.15,0.1144;
3.6,0.6,0.5104,2,0.5104,1.49,-386.4,-107.3,3.855,{'Pass'},0.154,0.1175;
3.7,0.602,0.5129,1.998,0.5129,1.485,-395.6,-106.9,3.753,{'Pass'},0.158,0.1206;
3.8,0.605,0.5154,1.995,0.5154,1.48,-404.9,-106.6,3.655,{'Pass'},0.162,0.1236;
3.9,0.607,0.518,1.993,0.518,1.475,-414.1,-106.2,3.562,{'Pass'},0.165,0.1267;
4,0.609,0.5205,1.991,0.5205,1.471,-423.3,-105.8,3.474,{'Pass'},0.169,0.1298;
4.1,0.611,0.523,1.989,0.523,1.466,-432.4,-105.5,3.39,{'Pass'},0.173,0.1329;
4.2,0.614,0.5254,1.986,0.5254,1.461,-441.5,-105.1,3.31,{'Pass'},0.177,0.136;
4.3,0.616,0.5279,1.984,0.5279,1.456,-450.5,-104.8,3.233,{'Pass'},0.181,0.139;
4.4,0.618,0.5303,1.982,0.5303,1.452,-459.4,-104.4,3.161,{'Pass'},0.184,0.1421;
4.5,0.62,0.5326,1.98,0.5326,1.447,-468.2,-104.1,3.091,{'Pass'},0.188,0.1452;
4.6,0.622,0.5349,1.978,0.5349,1.443,-477,-103.7,3.025,{'Pass'},0.192,0.1482;
4.7,0.624,0.5372,1.976,0.5372,1.439,-485.7,-103.3,2.962,{'Pass'},0.195,0.1512;
4.8,0.626,0.5394,1.974,0.5394,1.435,-494.4,-103,2.902,{'Pass'},0.199,0.1542;
4.9,0.628,0.5415,1.972,0.5415,1.43,-502.9,-102.6,2.844,{'Pass'},0.203,0.1572;
5,0.63,0.5436,1.97,0.5436,1.426,-511.4,-102.3,2.789,{'Pass'},0.206,0.1602;
];

