rram2t1r_vprog2p5V_inv1 = [ % Wprog, Vds1, Vds2, Vte, Vbe, Vrram, Iprog, Iprog_Wprog, Ron, Breakdown_check
1,0.693,0.556,1.807,0.556,1.251,-82.84,-82.84,15.1,{'Pass'},0.358,0.2636;
1.1,0.69,0.5501,1.81,0.5501,1.26,-85.99,-78.17,14.65,{'Pass'},0.373,0.276;
1.2,0.687,0.5453,1.813,0.5453,1.268,-88.8,-74,14.28,{'Pass'},0.387,0.2873;
1.3,0.684,0.5412,1.816,0.5412,1.275,-91.29,-70.23,13.96,{'Pass'},0.399,0.2975;
1.4,0.681,0.5378,1.819,0.5378,1.281,-93.53,-66.81,13.69,{'Pass'},0.41,0.3068;
1.5,0.679,0.5348,1.821,0.5348,1.286,-95.56,-63.71,13.46,{'Pass'},0.42,0.3154;
1.6,0.677,0.5323,1.823,0.5323,1.291,-97.4,-60.88,13.26,{'Pass'},0.429,0.3232;
1.7,0.675,0.53,1.825,0.53,1.295,-99.08,-58.28,13.07,{'Pass'},0.438,0.3305;
1.8,0.673,0.528,1.827,0.528,1.299,-100.6,-55.9,12.91,{'Pass'},0.446,0.3372;
1.9,0.671,0.5262,1.829,0.5262,1.303,-102,-53.7,12.77,{'Pass'},0.453,0.3434;
2,0.669,0.5246,1.831,0.5246,1.306,-103.3,-51.66,12.64,{'Pass'},0.46,0.3492;
2.1,0.668,0.5232,1.832,0.5232,1.309,-104.5,-49.78,12.52,{'Pass'},0.466,0.3546;
2.2,0.667,0.5219,1.833,0.5219,1.311,-105.6,-48.02,12.41,{'Pass'},0.471,0.3596;
2.3,0.665,0.5208,1.835,0.5208,1.314,-106.7,-46.38,12.32,{'Pass'},0.477,0.3643;
2.4,0.664,0.5197,1.836,0.5197,1.316,-107.6,-44.85,12.23,{'Pass'},0.482,0.3687;
2.5,0.663,0.5188,1.837,0.5188,1.318,-108.5,-43.41,12.14,{'Pass'},0.486,0.3729;
2.6,0.662,0.5179,1.838,0.5179,1.32,-109.4,-42.07,12.07,{'Pass'},0.491,0.3768;
2.7,0.661,0.5172,1.839,0.5172,1.322,-110.2,-40.8,12,{'Pass'},0.495,0.3805;
2.8,0.66,0.5164,1.84,0.5164,1.324,-110.9,-39.61,11.93,{'Pass'},0.499,0.384;
2.9,0.659,0.5158,1.841,0.5158,1.325,-111.6,-38.48,11.87,{'Pass'},0.503,0.3873;
3,0.658,0.5152,1.842,0.5152,1.327,-112.3,-37.42,11.82,{'Pass'},0.506,0.3904;
3.1,0.657,0.5146,1.843,0.5146,1.328,-112.9,-36.41,11.76,{'Pass'},0.509,0.3934;
3.2,0.657,0.5142,1.843,0.5142,1.329,-113.4,-35.45,11.72,{'Pass'},0.512,0.3961;
3.3,0.656,0.5138,1.844,0.5138,1.33,-114,-34.54,11.67,{'Pass'},0.515,0.3987;
3.4,0.655,0.5135,1.845,0.5135,1.332,-114.5,-33.67,11.63,{'Pass'},0.518,0.4012;
3.5,0.654,0.5132,1.846,0.5132,1.333,-115,-32.85,11.59,{'Pass'},0.52,0.4035;
3.6,0.654,0.5129,1.846,0.5129,1.333,-115.4,-32.07,11.55,{'Pass'},0.523,0.4058;
3.7,0.653,0.5126,1.847,0.5126,1.334,-115.9,-31.32,11.52,{'Pass'},0.525,0.4079;
3.8,0.652,0.5123,1.848,0.5123,1.336,-116.3,-30.6,11.48,{'Pass'},0.527,0.41;
3.9,0.652,0.5121,1.848,0.5121,1.336,-116.7,-29.92,11.45,{'Pass'},0.53,0.412;
4,0.651,0.5118,1.849,0.5118,1.337,-117.1,-29.27,11.42,{'Pass'},0.532,0.4138;
4.1,0.651,0.5116,1.849,0.5116,1.337,-117.4,-28.64,11.39,{'Pass'},0.534,0.4157;
4.2,0.65,0.5114,1.85,0.5114,1.339,-117.8,-28.05,11.36,{'Pass'},0.536,0.4174;
4.3,0.65,0.5111,1.85,0.5111,1.339,-118.1,-27.47,11.34,{'Pass'},0.537,0.4191;
4.4,0.649,0.5109,1.851,0.5109,1.34,-118.5,-26.92,11.31,{'Pass'},0.539,0.4207;
4.5,0.649,0.5108,1.851,0.5108,1.34,-118.8,-26.39,11.29,{'Pass'},0.541,0.4223;
4.6,0.648,0.5106,1.852,0.5106,1.341,-119.1,-25.88,11.27,{'Pass'},0.542,0.4238;
4.7,0.648,0.5104,1.852,0.5104,1.342,-119.3,-25.39,11.24,{'Pass'},0.544,0.4252;
4.8,0.647,0.5102,1.853,0.5102,1.343,-119.6,-24.92,11.22,{'Pass'},0.546,0.4266;
4.9,0.647,0.5101,1.853,0.5101,1.343,-119.9,-24.47,11.2,{'Pass'},0.547,0.4279;
5,0.647,0.5099,1.853,0.5099,1.343,-120.1,-24.03,11.18,{'Pass'},0.548,0.4292;
];

rram2t1r_vprog2p6V_inv1 = [ % Wprog, Vds1, Vds2, Vte, Vbe, Vrram, Iprog, Iprog_Wprog, Ron, Breakdown_check
1,0.731,0.5977,1.869,0.5977,1.271,-90.1,-90.1,14.11,{'Pass'},0.382,0.2833;
1.1,0.727,0.5915,1.873,0.5915,1.281,-93.55,-85.05,13.69,{'Pass'},0.398,0.2968;
1.2,0.725,0.5863,1.875,0.5863,1.289,-96.62,-80.52,13.34,{'Pass'},0.413,0.3092;
1.3,0.722,0.582,1.878,0.582,1.296,-99.36,-76.43,13.04,{'Pass'},0.426,0.3204;
1.4,0.719,0.5785,1.881,0.5785,1.302,-101.8,-72.72,12.79,{'Pass'},0.438,0.3305;
1.5,0.717,0.5753,1.883,0.5753,1.308,-104,-69.34,12.57,{'Pass'},0.449,0.3398;
1.6,0.715,0.5726,1.885,0.5726,1.312,-106,-66.26,12.38,{'Pass'},0.459,0.3484;
1.7,0.713,0.5703,1.887,0.5703,1.317,-107.9,-63.44,12.21,{'Pass'},0.468,0.3563;
1.8,0.711,0.5682,1.889,0.5682,1.321,-109.5,-60.85,12.06,{'Pass'},0.476,0.3636;
1.9,0.71,0.5663,1.89,0.5663,1.324,-111.1,-58.45,11.92,{'Pass'},0.484,0.3704;
2,0.708,0.5646,1.892,0.5646,1.327,-112.5,-56.23,11.8,{'Pass'},0.491,0.3767;
2.1,0.707,0.5631,1.893,0.5631,1.33,-113.8,-54.17,11.69,{'Pass'},0.497,0.3826;
2.2,0.706,0.5618,1.894,0.5618,1.332,-115,-52.26,11.59,{'Pass'},0.504,0.388;
2.3,0.704,0.5606,1.896,0.5606,1.335,-116.1,-50.47,11.5,{'Pass'},0.509,0.3932;
2.4,0.703,0.5595,1.897,0.5595,1.337,-117.1,-48.8,11.42,{'Pass'},0.515,0.398;
2.5,0.702,0.5586,1.898,0.5586,1.339,-118.1,-47.24,11.34,{'Pass'},0.52,0.4025;
2.6,0.701,0.5577,1.899,0.5577,1.341,-119,-45.77,11.27,{'Pass'},0.524,0.4067;
2.7,0.7,0.5569,1.9,0.5569,1.343,-119.9,-44.39,11.2,{'Pass'},0.529,0.4107;
2.8,0.699,0.5561,1.901,0.5561,1.345,-120.7,-43.09,11.14,{'Pass'},0.533,0.4145;
2.9,0.698,0.5555,1.902,0.5555,1.347,-121.4,-41.86,11.09,{'Pass'},0.537,0.4181;
3,0.698,0.5549,1.902,0.5549,1.347,-122.1,-40.7,11.04,{'Pass'},0.54,0.4215;
3.1,0.697,0.5543,1.903,0.5543,1.349,-122.8,-39.61,10.99,{'Pass'},0.544,0.4247;
3.2,0.696,0.5538,1.904,0.5538,1.35,-123.4,-38.56,10.94,{'Pass'},0.547,0.4277;
3.3,0.695,0.5535,1.905,0.5535,1.352,-124,-37.57,10.9,{'Pass'},0.55,0.4305;
3.4,0.694,0.5531,1.906,0.5531,1.353,-124.5,-36.62,10.86,{'Pass'},0.553,0.4331;
3.5,0.694,0.5528,1.906,0.5528,1.353,-125,-35.72,10.83,{'Pass'},0.556,0.4357;
3.6,0.693,0.5525,1.907,0.5525,1.355,-125.5,-34.87,10.79,{'Pass'},0.558,0.4381;
3.7,0.692,0.5522,1.908,0.5522,1.356,-126,-34.05,10.76,{'Pass'},0.561,0.4404;
3.8,0.692,0.5519,1.908,0.5519,1.356,-126.4,-33.28,10.73,{'Pass'},0.563,0.4426;
3.9,0.691,0.5516,1.909,0.5516,1.357,-126.9,-32.53,10.7,{'Pass'},0.565,0.4448;
4,0.691,0.5514,1.909,0.5514,1.358,-127.3,-31.82,10.67,{'Pass'},0.568,0.4468;
4.1,0.69,0.5511,1.91,0.5511,1.359,-127.7,-31.14,10.64,{'Pass'},0.57,0.4488;
4.2,0.69,0.5509,1.91,0.5509,1.359,-128.1,-30.49,10.62,{'Pass'},0.572,0.4507;
4.3,0.689,0.5507,1.911,0.5507,1.36,-128.4,-29.86,10.59,{'Pass'},0.574,0.4525;
4.4,0.689,0.5505,1.911,0.5505,1.361,-128.8,-29.26,10.57,{'Pass'},0.575,0.4542;
4.5,0.688,0.5503,1.912,0.5503,1.362,-129.1,-28.69,10.55,{'Pass'},0.577,0.4559;
4.6,0.688,0.5501,1.912,0.5501,1.362,-129.4,-28.13,10.53,{'Pass'},0.579,0.4575;
4.7,0.687,0.5499,1.913,0.5499,1.363,-129.7,-27.6,10.51,{'Pass'},0.581,0.4591;
4.8,0.687,0.5498,1.913,0.5498,1.363,-130,-27.08,10.49,{'Pass'},0.582,0.4606;
4.9,0.687,0.5496,1.913,0.5496,1.363,-130.3,-26.59,10.47,{'Pass'},0.584,0.462;
5,0.686,0.5494,1.914,0.5494,1.365,-130.6,-26.11,10.45,{'Pass'},0.585,0.4634;
];

