rram2n1r_vprog2p5V_inv10 = [ % Wprog, Vds1, Vds2, Vte, Vbe, Vrram, Iprog, Iprog_Wprog, Ron, Breakdown_check
1,0.883,0.3364,1.617,0.3364,1.281,-93.38,-93.38,13.71,{'Pass'},0.037,0.02718;
1.1,0.883,0.3231,1.617,0.3231,1.294,-98.54,-89.58,13.13,{'Pass'},0.039,0.02871;
1.2,0.883,0.3114,1.617,0.3114,1.306,-103.4,-86.17,12.63,{'Pass'},0.041,0.03016;
1.3,0.882,0.3011,1.618,0.3011,1.317,-108,-83.05,12.2,{'Pass'},0.043,0.03153;
1.4,0.881,0.292,1.619,0.292,1.327,-112.3,-80.19,11.82,{'Pass'},0.044,0.03282;
1.5,0.881,0.2838,1.619,0.2838,1.335,-116.4,-77.58,11.48,{'Pass'},0.046,0.03405;
1.6,0.88,0.2764,1.62,0.2764,1.344,-120.3,-75.19,11.17,{'Pass'},0.048,0.03523;
1.7,0.879,0.2696,1.621,0.2696,1.351,-124.1,-73,10.89,{'Pass'},0.049,0.03637;
1.8,0.878,0.2635,1.622,0.2635,1.358,-127.7,-70.97,10.64,{'Pass'},0.051,0.03747;
1.9,0.877,0.2577,1.623,0.2577,1.365,-131.2,-69.05,10.41,{'Pass'},0.052,0.03851;
2,0.877,0.252,1.623,0.252,1.371,-134.3,-67.17,10.21,{'Pass'},0.053,0.03946;
2.1,0.876,0.2468,1.624,0.2468,1.377,-137.4,-65.42,10.02,{'Pass'},0.054,0.04038;
2.2,0.876,0.242,1.624,0.242,1.382,-140.3,-63.77,9.852,{'Pass'},0.056,0.04127;
2.3,0.875,0.2375,1.625,0.2375,1.387,-143.1,-62.24,9.692,{'Pass'},0.057,0.04213;
2.4,0.875,0.2333,1.625,0.2333,1.392,-145.9,-60.79,9.542,{'Pass'},0.058,0.04297;
2.5,0.874,0.2295,1.626,0.2295,1.396,-148.6,-59.43,9.4,{'Pass'},0.059,0.04378;
2.6,0.873,0.2259,1.627,0.2259,1.401,-151.2,-58.14,9.267,{'Pass'},0.06,0.04457;
2.7,0.872,0.2225,1.628,0.2225,1.406,-153.7,-56.93,9.141,{'Pass'},0.061,0.04535;
2.8,0.872,0.2194,1.628,0.2194,1.409,-156.2,-55.78,9.022,{'Pass'},0.062,0.04611;
2.9,0.871,0.2164,1.629,0.2164,1.413,-158.6,-54.7,8.908,{'Pass'},0.063,0.04685;
3,0.87,0.2137,1.63,0.2137,1.416,-161,-53.66,8.8,{'Pass'},0.064,0.04757;
3.1,0.869,0.2111,1.631,0.2111,1.42,-163.3,-52.68,8.697,{'Pass'},0.065,0.04829;
3.2,0.867,0.2089,1.633,0.2089,1.424,-165.6,-51.75,8.597,{'Pass'},0.066,0.04899;
3.3,0.866,0.2069,1.634,0.2069,1.427,-167.9,-50.87,8.501,{'Pass'},0.067,0.04968;
3.4,0.865,0.2051,1.635,0.2051,1.43,-170.1,-50.03,8.409,{'Pass'},0.068,0.05037;
3.5,0.863,0.2033,1.637,0.2033,1.434,-172.3,-49.23,8.32,{'Pass'},0.069,0.05105;
3.6,0.861,0.2017,1.639,0.2017,1.437,-174.5,-48.47,8.235,{'Pass'},0.07,0.05172;
3.7,0.86,0.2001,1.64,0.2001,1.44,-176.6,-47.74,8.152,{'Pass'},0.07,0.05238;
3.8,0.859,0.1987,1.641,0.1987,1.442,-178.7,-47.04,8.072,{'Pass'},0.071,0.05303;
3.9,0.857,0.1973,1.643,0.1973,1.446,-180.8,-46.37,7.995,{'Pass'},0.072,0.05368;
4,0.855,0.196,1.645,0.196,1.449,-182.9,-45.73,7.92,{'Pass'},0.073,0.05432;
4.1,0.854,0.1947,1.646,0.1947,1.451,-184.9,-45.11,7.848,{'Pass'},0.074,0.05495;
4.2,0.852,0.1935,1.648,0.1935,1.455,-187,-44.52,7.777,{'Pass'},0.075,0.05558;
4.3,0.851,0.1924,1.649,0.1924,1.457,-189,-43.95,7.709,{'Pass'},0.075,0.0562;
4.4,0.849,0.1913,1.651,0.1913,1.46,-190.9,-43.4,7.643,{'Pass'},0.076,0.05681;
4.5,0.848,0.1903,1.652,0.1903,1.462,-192.9,-42.87,7.578,{'Pass'},0.077,0.05742;
4.6,0.846,0.1894,1.654,0.1894,1.465,-194.8,-42.36,7.516,{'Pass'},0.078,0.05802;
4.7,0.845,0.1884,1.655,0.1884,1.467,-196.7,-41.86,7.455,{'Pass'},0.079,0.05862;
4.8,0.843,0.1876,1.657,0.1876,1.469,-198.6,-41.38,7.396,{'Pass'},0.079,0.05921;
4.9,0.842,0.1867,1.658,0.1867,1.471,-200.5,-40.92,7.339,{'Pass'},0.08,0.05979;
5,0.84,0.1859,1.66,0.1859,1.474,-202.4,-40.47,7.283,{'Pass'},0.081,0.06037;
];

rram2n1r_vprog2p6V_inv10 = [ % Wprog, Vds1, Vds2, Vte, Vbe, Vrram, Iprog, Iprog_Wprog, Ron, Breakdown_check
1,0.895,0.3895,1.705,0.3895,1.316,-107.5,-107.5,12.24,{'Pass'},0.042,0.03074;
1.1,0.895,0.3747,1.705,0.3747,1.33,-113.8,-103.4,11.69,{'Pass'},0.044,0.03256;
1.2,0.896,0.3616,1.704,0.3616,1.342,-119.6,-99.7,11.22,{'Pass'},0.046,0.03429;
1.3,0.896,0.35,1.704,0.35,1.354,-125.2,-96.28,10.82,{'Pass'},0.049,0.03591;
1.4,0.896,0.3397,1.704,0.3397,1.364,-130.3,-93.1,10.46,{'Pass'},0.05,0.03744;
1.5,0.896,0.3304,1.704,0.3304,1.374,-135.3,-90.19,10.15,{'Pass'},0.053,0.0389;
1.6,0.896,0.3219,1.704,0.3219,1.382,-140,-87.51,9.869,{'Pass'},0.054,0.0403;
1.7,0.896,0.3141,1.704,0.3141,1.39,-144.6,-85.03,9.614,{'Pass'},0.056,0.04165;
1.8,0.896,0.307,1.704,0.307,1.397,-148.9,-82.73,9.383,{'Pass'},0.058,0.04294;
1.9,0.896,0.3003,1.704,0.3003,1.404,-153.1,-80.55,9.174,{'Pass'},0.06,0.04417;
2,0.896,0.2938,1.704,0.2938,1.41,-156.9,-78.43,8.99,{'Pass'},0.061,0.04531;
2.1,0.896,0.2878,1.704,0.2878,1.416,-160.5,-76.45,8.82,{'Pass'},0.062,0.04641;
2.2,0.896,0.2823,1.704,0.2823,1.422,-164.1,-74.58,8.663,{'Pass'},0.064,0.04747;
2.3,0.896,0.2771,1.704,0.2771,1.427,-167.5,-72.83,8.517,{'Pass'},0.065,0.04849;
2.4,0.896,0.2722,1.704,0.2722,1.432,-170.8,-71.17,8.381,{'Pass'},0.066,0.04949;
2.5,0.896,0.2677,1.704,0.2677,1.436,-174,-69.6,8.254,{'Pass'},0.068,0.05045;
2.6,0.896,0.2635,1.704,0.2635,1.44,-177.1,-68.12,8.134,{'Pass'},0.069,0.05138;
2.7,0.896,0.2595,1.704,0.2595,1.444,-180.1,-66.71,8.021,{'Pass'},0.07,0.05229;
2.8,0.896,0.2558,1.704,0.2558,1.448,-183,-65.37,7.915,{'Pass'},0.071,0.05317;
2.9,0.895,0.2523,1.705,0.2523,1.453,-185.9,-64.1,7.814,{'Pass'},0.073,0.05403;
3,0.895,0.249,1.705,0.249,1.456,-188.7,-62.89,7.719,{'Pass'},0.074,0.05487;
3.1,0.894,0.2458,1.706,0.2458,1.46,-191.4,-61.74,7.628,{'Pass'},0.075,0.05569;
3.2,0.893,0.2432,1.707,0.2432,1.464,-194,-60.63,7.542,{'Pass'},0.076,0.05649;
3.3,0.893,0.2407,1.707,0.2407,1.466,-196.6,-59.58,7.46,{'Pass'},0.077,0.05728;
3.4,0.892,0.2384,1.708,0.2384,1.47,-199.2,-58.58,7.38,{'Pass'},0.078,0.05805;
3.5,0.891,0.2362,1.709,0.2362,1.473,-201.7,-57.62,7.304,{'Pass'},0.079,0.05881;
3.6,0.89,0.2342,1.71,0.2342,1.476,-204.1,-56.7,7.231,{'Pass'},0.08,0.05956;
3.7,0.889,0.2322,1.711,0.2322,1.479,-206.5,-55.82,7.16,{'Pass'},0.081,0.0603;
3.8,0.888,0.2303,1.712,0.2303,1.482,-208.9,-54.98,7.092,{'Pass'},0.082,0.06103;
3.9,0.887,0.2286,1.713,0.2286,1.484,-211.3,-54.18,7.026,{'Pass'},0.083,0.06175;
4,0.886,0.2269,1.714,0.2269,1.487,-213.6,-53.41,6.963,{'Pass'},0.084,0.06247;
4.1,0.885,0.2253,1.715,0.2253,1.49,-215.9,-52.66,6.901,{'Pass'},0.085,0.06317;
4.2,0.884,0.2238,1.716,0.2238,1.492,-218.2,-51.95,6.841,{'Pass'},0.085,0.06387;
4.3,0.882,0.2224,1.718,0.2224,1.496,-220.4,-51.26,6.783,{'Pass'},0.086,0.06456;
4.4,0.881,0.221,1.719,0.221,1.498,-222.7,-50.6,6.727,{'Pass'},0.087,0.06524;
4.5,0.88,0.2197,1.72,0.2197,1.5,-224.9,-49.97,6.672,{'Pass'},0.088,0.06591;
4.6,0.879,0.2185,1.721,0.2185,1.503,-227,-49.35,6.619,{'Pass'},0.089,0.06658;
4.7,0.878,0.2173,1.722,0.2173,1.505,-229.2,-48.76,6.567,{'Pass'},0.09,0.06724;
4.8,0.876,0.2162,1.724,0.2162,1.508,-231.3,-48.19,6.516,{'Pass'},0.091,0.0679;
4.9,0.875,0.2151,1.725,0.2151,1.51,-233.4,-47.64,6.467,{'Pass'},0.092,0.06855;
5,0.874,0.2141,1.726,0.2141,1.512,-235.5,-47.1,6.419,{'Pass'},0.092,0.0692;
];

