rram2t1r_vprog2p5V_inv20 = [ % Wprog, Vds1, Vds2, Vte, Vbe, Vrram, Iprog, Iprog_Wprog, Ron, Breakdown_check
1,0.594,0.5334,1.906,0.5334,1.373,-134.8,-134.8,10.18,{'Pass'},0.027,0.01975;
1.1,0.587,0.5222,1.913,0.5222,1.391,-145.3,-132.1,9.573,{'Pass'},0.029,0.02132;
1.2,0.58,0.5121,1.92,0.5121,1.408,-155.6,-129.7,9.05,{'Pass'},0.031,0.02285;
1.3,0.573,0.5031,1.927,0.5031,1.424,-165.6,-127.4,8.598,{'Pass'},0.033,0.02434;
1.4,0.567,0.4951,1.933,0.4951,1.438,-175.3,-125.2,8.204,{'Pass'},0.035,0.0258;
1.5,0.561,0.4877,1.939,0.4877,1.451,-184.8,-123.2,7.854,{'Pass'},0.037,0.02722;
1.6,0.556,0.4808,1.944,0.4808,1.463,-194.1,-121.3,7.54,{'Pass'},0.038,0.02862;
1.7,0.551,0.4742,1.949,0.4742,1.475,-203.2,-119.5,7.259,{'Pass'},0.04,0.03;
1.8,0.546,0.4681,1.954,0.4681,1.486,-212.1,-117.9,7.003,{'Pass'},0.042,0.03135;
1.9,0.542,0.4624,1.958,0.4624,1.496,-220.9,-116.3,6.771,{'Pass'},0.044,0.03268;
2,0.538,0.4568,1.962,0.4568,1.505,-229.5,-114.7,6.559,{'Pass'},0.046,0.03398;
2.1,0.534,0.4516,1.966,0.4516,1.514,-237.9,-113.3,6.365,{'Pass'},0.047,0.03526;
2.2,0.53,0.4467,1.97,0.4467,1.523,-246.2,-111.9,6.185,{'Pass'},0.049,0.03653;
2.3,0.527,0.442,1.973,0.442,1.531,-254.4,-110.6,6.019,{'Pass'},0.05,0.03777;
2.4,0.524,0.4376,1.976,0.4376,1.538,-262.4,-109.3,5.864,{'Pass'},0.052,0.039;
2.5,0.522,0.4355,1.978,0.4355,1.542,-271.3,-108.5,5.686,{'Pass'},0.054,0.04035;
2.6,0.523,0.4365,1.977,0.4365,1.54,-281.4,-108.2,5.473,{'Pass'},0.056,0.04192;
2.7,0.524,0.4378,1.976,0.4378,1.538,-291.7,-108,5.271,{'Pass'},0.058,0.0435;
2.8,0.526,0.4394,1.974,0.4394,1.535,-302.1,-107.9,5.08,{'Pass'},0.06,0.0451;
2.9,0.528,0.4411,1.972,0.4411,1.531,-312.6,-107.8,4.899,{'Pass'},0.062,0.04672;
3,0.53,0.4431,1.97,0.4431,1.527,-323.2,-107.7,4.726,{'Pass'},0.064,0.04836;
3.1,0.531,0.4453,1.969,0.4453,1.524,-333.9,-107.7,4.562,{'Pass'},0.067,0.05002;
3.2,0.533,0.4479,1.967,0.4479,1.519,-344.4,-107.6,4.41,{'Pass'},0.069,0.05166;
3.3,0.535,0.4507,1.965,0.4507,1.514,-355,-107.6,4.265,{'Pass'},0.071,0.05331;
3.4,0.537,0.4535,1.963,0.4535,1.51,-365.6,-107.5,4.128,{'Pass'},0.073,0.05498;
3.5,0.54,0.4565,1.96,0.4565,1.503,-376.3,-107.5,3.996,{'Pass'},0.075,0.05666;
3.6,0.542,0.4596,1.958,0.4596,1.498,-387.1,-107.5,3.871,{'Pass'},0.077,0.05836;
3.7,0.544,0.4627,1.956,0.4627,1.493,-398,-107.6,3.752,{'Pass'},0.08,0.06007;
3.8,0.546,0.4659,1.954,0.4659,1.488,-408.9,-107.6,3.638,{'Pass'},0.082,0.0618;
3.9,0.549,0.4691,1.951,0.4691,1.482,-419.9,-107.7,3.53,{'Pass'},0.084,0.06354;
4,0.551,0.4723,1.949,0.4723,1.477,-430.9,-107.7,3.426,{'Pass'},0.086,0.06528;
4.1,0.554,0.4755,1.946,0.4755,1.47,-441.9,-107.8,3.328,{'Pass'},0.088,0.06704;
4.2,0.556,0.4787,1.944,0.4787,1.465,-453,-107.9,3.234,{'Pass'},0.091,0.06881;
4.3,0.559,0.4818,1.941,0.4818,1.459,-464,-107.9,3.145,{'Pass'},0.093,0.07058;
4.4,0.561,0.485,1.939,0.485,1.454,-475.1,-108,3.06,{'Pass'},0.095,0.07236;
4.5,0.564,0.4881,1.936,0.4881,1.448,-486.2,-108,2.978,{'Pass'},0.098,0.07414;
4.6,0.566,0.4912,1.934,0.4912,1.443,-497.3,-108.1,2.901,{'Pass'},0.1,0.07593;
4.7,0.569,0.4942,1.931,0.4942,1.437,-508.3,-108.1,2.828,{'Pass'},0.102,0.07772;
4.8,0.571,0.4971,1.929,0.4971,1.432,-519.3,-108.2,2.757,{'Pass'},0.104,0.0795;
4.9,0.573,0.5,1.927,0.5,1.427,-530.3,-108.2,2.69,{'Pass'},0.107,0.08129;
5,0.576,0.5028,1.924,0.5028,1.421,-541.2,-108.2,2.627,{'Pass'},0.109,0.08308;
];

rram2t1r_vprog2p6V_inv20 = [ % Wprog, Vds1, Vds2, Vte, Vbe, Vrram, Iprog, Iprog_Wprog, Ron, Breakdown_check
1,0.626,0.5803,1.974,0.5803,1.394,-146.9,-146.9,9.488,{'Pass'},0.028,0.0211;
1.1,0.619,0.5686,1.981,0.5686,1.412,-158.5,-144.1,8.911,{'Pass'},0.031,0.02281;
1.2,0.612,0.558,1.988,0.558,1.43,-170,-141.6,8.416,{'Pass'},0.033,0.02448;
1.3,0.605,0.5486,1.995,0.5486,1.446,-181,-139.2,7.988,{'Pass'},0.035,0.0261;
1.4,0.599,0.5403,2.001,0.5403,1.461,-191.8,-137,7.616,{'Pass'},0.037,0.02768;
1.5,0.594,0.5325,2.006,0.5325,1.473,-202.3,-134.9,7.286,{'Pass'},0.039,0.02923;
1.6,0.589,0.5252,2.011,0.5252,1.486,-212.6,-132.9,6.99,{'Pass'},0.041,0.03076;
1.7,0.584,0.5183,2.016,0.5183,1.498,-222.7,-131,6.725,{'Pass'},0.043,0.03226;
1.8,0.579,0.5119,2.021,0.5119,1.509,-232.7,-129.3,6.484,{'Pass'},0.045,0.03373;
1.9,0.576,0.5073,2.024,0.5073,1.517,-242.9,-127.9,6.243,{'Pass'},0.047,0.03526;
2,0.577,0.5084,2.023,0.5084,1.515,-254.9,-127.4,5.942,{'Pass'},0.049,0.03704;
2.1,0.578,0.5099,2.022,0.5099,1.512,-267,-127.1,5.662,{'Pass'},0.052,0.03885;
2.2,0.58,0.5118,2.02,0.5118,1.508,-279.2,-126.9,5.402,{'Pass'},0.054,0.04067;
2.3,0.582,0.514,2.018,0.514,1.504,-291.5,-126.7,5.16,{'Pass'},0.057,0.04252;
2.4,0.584,0.5165,2.016,0.5165,1.5,-303.9,-126.6,4.934,{'Pass'},0.059,0.04439;
2.5,0.586,0.5193,2.014,0.5193,1.495,-316.4,-126.6,4.722,{'Pass'},0.062,0.04629;
2.6,0.589,0.5223,2.011,0.5223,1.489,-329.1,-126.6,4.524,{'Pass'},0.064,0.04821;
2.7,0.591,0.5255,2.009,0.5255,1.483,-341.8,-126.6,4.339,{'Pass'},0.067,0.05014;
2.8,0.594,0.5288,2.006,0.5288,1.477,-354.7,-126.7,4.164,{'Pass'},0.069,0.0521;
2.9,0.597,0.5323,2.003,0.5323,1.471,-367.6,-126.8,4.001,{'Pass'},0.072,0.05407;
3,0.6,0.5358,2,0.5358,1.464,-380.6,-126.9,3.847,{'Pass'},0.074,0.05606;
3.1,0.603,0.5394,1.997,0.5394,1.458,-393.7,-127,3.703,{'Pass'},0.077,0.05807;
3.2,0.605,0.5433,1.995,0.5433,1.452,-406.5,-127,3.571,{'Pass'},0.079,0.06004;
3.3,0.608,0.5472,1.992,0.5472,1.445,-419.2,-127,3.447,{'Pass'},0.082,0.06201;
3.4,0.61,0.5511,1.99,0.5511,1.439,-431.9,-127,3.331,{'Pass'},0.085,0.06398;
3.5,0.613,0.5549,1.987,0.5549,1.432,-444.7,-127,3.221,{'Pass'},0.087,0.06596;
3.6,0.615,0.5587,1.985,0.5587,1.426,-457.4,-127.1,3.118,{'Pass'},0.09,0.06795;
3.7,0.618,0.5623,1.982,0.5623,1.42,-470.1,-127.1,3.02,{'Pass'},0.092,0.06993;
3.8,0.62,0.5659,1.98,0.5659,1.414,-482.8,-127.1,2.928,{'Pass'},0.095,0.07192;
3.9,0.622,0.5694,1.978,0.5694,1.409,-495.5,-127,2.842,{'Pass'},0.097,0.07391;
4,0.625,0.5727,1.975,0.5727,1.402,-508.1,-127,2.76,{'Pass'},0.1,0.0759;
4.1,0.627,0.576,1.973,0.576,1.397,-520.7,-127,2.683,{'Pass'},0.102,0.07789;
4.2,0.629,0.5791,1.971,0.5791,1.392,-533.2,-127,2.61,{'Pass'},0.105,0.07987;
4.3,0.631,0.5822,1.969,0.5822,1.387,-545.7,-126.9,2.541,{'Pass'},0.107,0.08186;
4.4,0.634,0.5851,1.966,0.5851,1.381,-558.1,-126.8,2.475,{'Pass'},0.11,0.08383;
4.5,0.636,0.5879,1.964,0.5879,1.376,-570.4,-126.8,2.413,{'Pass'},0.112,0.08581;
4.6,0.638,0.5906,1.962,0.5906,1.371,-582.7,-126.7,2.354,{'Pass'},0.115,0.08777;
4.7,0.64,0.5932,1.96,0.5932,1.367,-594.9,-126.6,2.298,{'Pass'},0.117,0.08973;
4.8,0.642,0.5957,1.958,0.5957,1.362,-607,-126.5,2.245,{'Pass'},0.12,0.09169;
4.9,0.643,0.5981,1.957,0.5981,1.359,-619.1,-126.3,2.195,{'Pass'},0.122,0.09364;
5,0.645,0.6004,1.955,0.6004,1.355,-631,-126.2,2.146,{'Pass'},0.125,0.09558;
];

