rram2t1r_vprog2p5V_inv5 = [ % Wprog, Vds1, Vds2, Vte, Vbe, Vrram, Iprog, Iprog_Wprog, Ron, Breakdown_check
1,0.617,0.5334,1.883,0.5334,1.35,-123.3,-123.3,10.95,{'Pass'},0.099,0.07244;
1.1,0.61,0.523,1.89,0.523,1.367,-131.8,-119.8,10.37,{'Pass'},0.106,0.07774;
1.2,0.605,0.5136,1.895,0.5136,1.381,-139.9,-116.6,9.874,{'Pass'},0.113,0.08286;
1.3,0.599,0.5054,1.901,0.5054,1.396,-147.7,-113.6,9.447,{'Pass'},0.119,0.08777;
1.4,0.595,0.4981,1.905,0.4981,1.407,-155.1,-110.8,9.076,{'Pass'},0.126,0.09247;
1.5,0.59,0.4915,1.91,0.4915,1.419,-162.1,-108.1,8.748,{'Pass'},0.131,0.09702;
1.6,0.586,0.4853,1.914,0.4853,1.429,-168.9,-105.6,8.457,{'Pass'},0.137,0.1014;
1.7,0.582,0.4796,1.918,0.4796,1.438,-175.5,-103.2,8.195,{'Pass'},0.143,0.1057;
1.8,0.579,0.4743,1.921,0.4743,1.447,-181.8,-101,7.959,{'Pass'},0.148,0.1098;
1.9,0.575,0.4694,1.925,0.4694,1.456,-187.9,-98.88,7.746,{'Pass'},0.153,0.1138;
2,0.572,0.4648,1.928,0.4648,1.463,-193.7,-96.86,7.552,{'Pass'},0.158,0.1177;
2.1,0.569,0.4605,1.931,0.4605,1.47,-199.3,-94.93,7.375,{'Pass'},0.163,0.1215;
2.2,0.567,0.4565,1.933,0.4565,1.477,-204.8,-93.08,7.212,{'Pass'},0.168,0.1251;
2.3,0.564,0.4527,1.936,0.4527,1.483,-210,-91.32,7.062,{'Pass'},0.172,0.1287;
2.4,0.562,0.4492,1.938,0.4492,1.489,-215.1,-89.63,6.923,{'Pass'},0.176,0.1321;
2.5,0.559,0.4459,1.941,0.4459,1.495,-220,-88.01,6.794,{'Pass'},0.181,0.1354;
2.6,0.557,0.4428,1.943,0.4428,1.5,-224.8,-86.45,6.674,{'Pass'},0.185,0.1387;
2.7,0.555,0.4399,1.945,0.4399,1.505,-229.4,-84.96,6.562,{'Pass'},0.189,0.1419;
2.8,0.553,0.4371,1.947,0.4371,1.51,-233.8,-83.51,6.458,{'Pass'},0.193,0.145;
2.9,0.551,0.4345,1.949,0.4345,1.514,-238.2,-82.12,6.36,{'Pass'},0.196,0.148;
3,0.549,0.4321,1.951,0.4321,1.519,-242.3,-80.78,6.268,{'Pass'},0.2,0.1509;
3.1,0.547,0.4298,1.953,0.4298,1.523,-246.4,-79.49,6.181,{'Pass'},0.204,0.1537;
3.2,0.545,0.4278,1.955,0.4278,1.527,-250.3,-78.21,6.102,{'Pass'},0.207,0.1564;
3.3,0.543,0.426,1.957,0.426,1.531,-254,-76.96,6.027,{'Pass'},0.21,0.1591;
3.4,0.542,0.4243,1.958,0.4243,1.534,-257.6,-75.76,5.956,{'Pass'},0.213,0.1616;
3.5,0.54,0.4227,1.96,0.4227,1.537,-261.1,-74.59,5.889,{'Pass'},0.216,0.1641;
3.6,0.538,0.4211,1.962,0.4211,1.541,-264.5,-73.47,5.826,{'Pass'},0.22,0.1666;
3.7,0.536,0.4196,1.964,0.4196,1.544,-267.8,-72.38,5.765,{'Pass'},0.223,0.169;
3.8,0.535,0.4181,1.965,0.4181,1.547,-271,-71.33,5.707,{'Pass'},0.225,0.1713;
3.9,0.533,0.4168,1.967,0.4168,1.55,-274.2,-70.3,5.652,{'Pass'},0.228,0.1736;
4,0.532,0.4154,1.968,0.4154,1.553,-277.3,-69.31,5.6,{'Pass'},0.231,0.1758;
4.1,0.531,0.4141,1.969,0.4141,1.555,-280.2,-68.35,5.55,{'Pass'},0.233,0.178;
4.2,0.529,0.4129,1.971,0.4129,1.558,-283.1,-67.42,5.502,{'Pass'},0.236,0.1801;
4.3,0.528,0.4117,1.972,0.4117,1.56,-286,-66.51,5.456,{'Pass'},0.239,0.1822;
4.4,0.527,0.4106,1.973,0.4106,1.562,-288.7,-65.62,5.412,{'Pass'},0.241,0.1842;
4.5,0.525,0.4095,1.975,0.4095,1.566,-291.4,-64.77,5.37,{'Pass'},0.244,0.1862;
4.6,0.524,0.4086,1.976,0.4086,1.567,-294.2,-63.95,5.326,{'Pass'},0.246,0.1882;
4.7,0.525,0.4091,1.975,0.4091,1.566,-297.6,-63.32,5.262,{'Pass'},0.249,0.1908;
4.8,0.525,0.4095,1.975,0.4095,1.566,-301,-62.71,5.2,{'Pass'},0.252,0.1933;
4.9,0.526,0.41,1.974,0.41,1.564,-304.3,-62.11,5.14,{'Pass'},0.255,0.1958;
5,0.526,0.4105,1.974,0.4105,1.563,-307.6,-61.52,5.082,{'Pass'},0.258,0.1983;
];

rram2t1r_vprog2p6V_inv5 = [ % Wprog, Vds1, Vds2, Vte, Vbe, Vrram, Iprog, Iprog_Wprog, Ron, Breakdown_check
1,0.65,0.5785,1.95,0.5785,1.371,-134.4,-134.4,10.2,{'Pass'},0.106,0.07759;
1.1,0.644,0.5674,1.956,0.5674,1.389,-143.8,-130.8,9.653,{'Pass'},0.113,0.08337;
1.2,0.639,0.5575,1.961,0.5575,1.403,-152.9,-127.4,9.182,{'Pass'},0.121,0.08896;
1.3,0.634,0.5489,1.966,0.5489,1.417,-161.5,-124.2,8.779,{'Pass'},0.128,0.09432;
1.4,0.629,0.5412,1.971,0.5412,1.43,-169.6,-121.2,8.428,{'Pass'},0.134,0.09946;
1.5,0.625,0.5341,1.975,0.5341,1.441,-177.5,-118.3,8.118,{'Pass'},0.141,0.1044;
1.6,0.621,0.5276,1.979,0.5276,1.451,-185.1,-115.7,7.843,{'Pass'},0.147,0.1093;
1.7,0.617,0.5215,1.983,0.5215,1.462,-192.4,-113.2,7.596,{'Pass'},0.153,0.1139;
1.8,0.614,0.5159,1.986,0.5159,1.47,-199.4,-110.8,7.374,{'Pass'},0.159,0.1185;
1.9,0.611,0.5107,1.989,0.5107,1.478,-206.1,-108.5,7.173,{'Pass'},0.165,0.1229;
2,0.608,0.5058,1.992,0.5058,1.486,-212.6,-106.3,6.99,{'Pass'},0.17,0.1271;
2.1,0.605,0.5012,1.995,0.5012,1.494,-218.9,-104.2,6.823,{'Pass'},0.175,0.1313;
2.2,0.603,0.4969,1.997,0.4969,1.5,-224.9,-102.2,6.67,{'Pass'},0.18,0.1353;
2.3,0.6,0.4929,2,0.4929,1.507,-230.8,-100.3,6.529,{'Pass'},0.185,0.1392;
2.4,0.598,0.4891,2.002,0.4891,1.513,-236.4,-98.52,6.398,{'Pass'},0.19,0.143;
2.5,0.596,0.4856,2.004,0.4856,1.518,-241.9,-96.76,6.277,{'Pass'},0.195,0.1467;
2.6,0.594,0.4823,2.006,0.4823,1.524,-247.2,-95.08,6.164,{'Pass'},0.199,0.1503;
2.7,0.592,0.4792,2.008,0.4792,1.529,-252.3,-93.46,6.06,{'Pass'},0.204,0.1538;
2.8,0.59,0.4762,2.01,0.4762,1.534,-257.3,-91.89,5.962,{'Pass'},0.208,0.1572;
2.9,0.588,0.4735,2.012,0.4735,1.538,-262.1,-90.39,5.87,{'Pass'},0.212,0.1605;
3,0.586,0.4708,2.014,0.4708,1.543,-266.8,-88.93,5.784,{'Pass'},0.216,0.1637;
3.1,0.585,0.4684,2.015,0.4684,1.547,-271.3,-87.52,5.702,{'Pass'},0.22,0.1669;
3.2,0.583,0.4663,2.017,0.4663,1.551,-275.6,-86.13,5.628,{'Pass'},0.224,0.1699;
3.3,0.581,0.4643,2.019,0.4643,1.555,-279.7,-84.77,5.558,{'Pass'},0.227,0.1728;
3.4,0.58,0.4633,2.02,0.4633,1.557,-284.2,-83.58,5.479,{'Pass'},0.231,0.1759;
3.5,0.58,0.4639,2.02,0.4639,1.556,-289.2,-82.64,5.378,{'Pass'},0.235,0.1795;
3.6,0.581,0.4646,2.019,0.4646,1.554,-294.2,-81.73,5.283,{'Pass'},0.24,0.1831;
3.7,0.582,0.4652,2.018,0.4652,1.553,-299.2,-80.85,5.191,{'Pass'},0.244,0.1866;
3.8,0.582,0.466,2.018,0.466,1.552,-304,-80,5.104,{'Pass'},0.248,0.1901;
3.9,0.583,0.4667,2.017,0.4667,1.55,-308.8,-79.17,5.02,{'Pass'},0.252,0.1935;
4,0.584,0.4675,2.016,0.4675,1.548,-313.5,-78.37,4.94,{'Pass'},0.256,0.1969;
4.1,0.585,0.4683,2.015,0.4683,1.547,-318.1,-77.59,4.863,{'Pass'},0.261,0.2003;
4.2,0.586,0.4692,2.014,0.4692,1.545,-322.7,-76.83,4.789,{'Pass'},0.265,0.2037;
4.3,0.586,0.4701,2.014,0.4701,1.544,-327.2,-76.08,4.718,{'Pass'},0.269,0.207;
4.4,0.587,0.471,2.013,0.471,1.542,-331.6,-75.36,4.65,{'Pass'},0.272,0.2103;
4.5,0.588,0.4719,2.012,0.4719,1.54,-335.9,-74.65,4.584,{'Pass'},0.276,0.2135;
4.6,0.589,0.4728,2.011,0.4728,1.538,-340.2,-73.96,4.521,{'Pass'},0.28,0.2167;
4.7,0.59,0.4737,2.01,0.4737,1.536,-344.4,-73.29,4.46,{'Pass'},0.284,0.2199;
4.8,0.591,0.4747,2.009,0.4747,1.534,-348.6,-72.63,4.402,{'Pass'},0.288,0.2231;
4.9,0.592,0.4756,2.008,0.4756,1.532,-352.7,-71.98,4.345,{'Pass'},0.291,0.2262;
5,0.593,0.4766,2.007,0.4766,1.53,-356.7,-71.35,4.291,{'Pass'},0.295,0.2292;
];

