rram2t1r_vprog2p5V_inv10 = [ % Wprog, Vds1, Vds2, Vte, Vbe, Vrram, Iprog, Iprog_Wprog, Ron, Breakdown_check
1,0.64,0.5049,1.86,0.5049,1.355,-125.7,-125.7,10.78,{'Pass'},0.05,0.03685;
1.1,0.631,0.4959,1.869,0.4959,1.373,-135.3,-123,10.15,{'Pass'},0.054,0.03975;
1.2,0.622,0.4879,1.878,0.4879,1.39,-144.6,-120.5,9.61,{'Pass'},0.057,0.04258;
1.3,0.614,0.4808,1.886,0.4808,1.405,-153.7,-118.2,9.144,{'Pass'},0.061,0.04533;
1.4,0.607,0.4746,1.893,0.4746,1.418,-162.4,-116,8.738,{'Pass'},0.065,0.048;
1.5,0.6,0.4687,1.9,0.4687,1.431,-170.9,-113.9,8.377,{'Pass'},0.068,0.05061;
1.6,0.593,0.4632,1.907,0.4632,1.444,-179.2,-112,8.056,{'Pass'},0.071,0.05317;
1.7,0.587,0.4581,1.913,0.4581,1.455,-187.3,-110.2,7.767,{'Pass'},0.075,0.05567;
1.8,0.582,0.4533,1.918,0.4533,1.465,-195.1,-108.4,7.506,{'Pass'},0.078,0.05811;
1.9,0.577,0.4487,1.923,0.4487,1.474,-202.8,-106.8,7.269,{'Pass'},0.081,0.06051;
2,0.572,0.4444,1.928,0.4444,1.484,-210.3,-105.2,7.053,{'Pass'},0.084,0.06286;
2.1,0.567,0.4404,1.933,0.4404,1.493,-217.7,-103.6,6.855,{'Pass'},0.087,0.06516;
2.2,0.563,0.4365,1.937,0.4365,1.501,-224.8,-102.2,6.673,{'Pass'},0.09,0.06742;
2.3,0.559,0.4329,1.941,0.4329,1.508,-231.8,-100.8,6.504,{'Pass'},0.093,0.06963;
2.4,0.555,0.4294,1.945,0.4294,1.516,-238.7,-99.44,6.348,{'Pass'},0.096,0.0718;
2.5,0.552,0.4261,1.948,0.4261,1.522,-245.4,-98.14,6.203,{'Pass'},0.099,0.07393;
2.6,0.548,0.4229,1.952,0.4229,1.529,-251.9,-96.88,6.068,{'Pass'},0.101,0.07601;
2.7,0.545,0.4199,1.955,0.4199,1.535,-258.3,-95.67,5.942,{'Pass'},0.104,0.07806;
2.8,0.542,0.417,1.958,0.417,1.541,-264.6,-94.49,5.824,{'Pass'},0.107,0.08008;
2.9,0.539,0.4142,1.961,0.4142,1.547,-270.7,-93.35,5.713,{'Pass'},0.109,0.08205;
3,0.536,0.4116,1.964,0.4116,1.552,-276.7,-92.24,5.609,{'Pass'},0.111,0.084;
3.1,0.534,0.4091,1.966,0.4091,1.557,-282.6,-91.16,5.511,{'Pass'},0.114,0.0859;
3.2,0.531,0.407,1.969,0.407,1.562,-288.3,-90.08,5.42,{'Pass'},0.116,0.08774;
3.3,0.528,0.405,1.972,0.405,1.567,-293.8,-89.02,5.334,{'Pass'},0.119,0.08954;
3.4,0.525,0.4032,1.975,0.4032,1.572,-299.2,-88,5.253,{'Pass'},0.121,0.0913;
3.5,0.523,0.4014,1.977,0.4014,1.576,-304.5,-87,5.176,{'Pass'},0.123,0.09304;
3.6,0.52,0.3996,1.98,0.3996,1.58,-309.7,-86.03,5.103,{'Pass'},0.125,0.09475;
3.7,0.518,0.3979,1.982,0.3979,1.584,-314.8,-85.08,5.033,{'Pass'},0.127,0.09643;
3.8,0.518,0.3979,1.982,0.3979,1.584,-320.9,-84.44,4.939,{'Pass'},0.13,0.09843;
3.9,0.519,0.3992,1.981,0.3992,1.582,-327.7,-84.02,4.829,{'Pass'},0.133,0.1007;
4,0.52,0.4005,1.98,0.4005,1.579,-334.5,-83.61,4.723,{'Pass'},0.136,0.1029;
4.1,0.521,0.4019,1.979,0.4019,1.577,-341.2,-83.23,4.621,{'Pass'},0.139,0.1052;
4.2,0.523,0.4033,1.977,0.4033,1.574,-348,-82.86,4.522,{'Pass'},0.141,0.1075;
4.3,0.524,0.4048,1.976,0.4048,1.571,-354.8,-82.52,4.427,{'Pass'},0.144,0.1097;
4.4,0.526,0.4064,1.974,0.4064,1.568,-361.6,-82.18,4.335,{'Pass'},0.147,0.112;
4.5,0.528,0.408,1.972,0.408,1.564,-368.4,-81.86,4.246,{'Pass'},0.15,0.1143;
4.6,0.53,0.4096,1.97,0.4096,1.56,-375.1,-81.55,4.161,{'Pass'},0.153,0.1166;
4.7,0.531,0.4113,1.969,0.4113,1.558,-381.9,-81.25,4.078,{'Pass'},0.156,0.1189;
4.8,0.533,0.413,1.967,0.413,1.554,-388.6,-80.96,3.998,{'Pass'},0.159,0.1212;
4.9,0.535,0.4147,1.965,0.4147,1.55,-395.3,-80.68,3.921,{'Pass'},0.162,0.1235;
5,0.537,0.4165,1.963,0.4165,1.546,-402.1,-80.41,3.846,{'Pass'},0.164,0.1258;
];

rram2t1r_vprog2p6V_inv10 = [ % Wprog, Vds1, Vds2, Vte, Vbe, Vrram, Iprog, Iprog_Wprog, Ron, Breakdown_check
1,0.68,0.5444,1.92,0.5444,1.376,-136.5,-136.5,10.08,{'Pass'},0.053,0.03926;
1.1,0.671,0.5349,1.929,0.5349,1.394,-147,-133.6,9.482,{'Pass'},0.057,0.04237;
1.2,0.663,0.5265,1.937,0.5265,1.411,-157.2,-131,8.972,{'Pass'},0.061,0.04542;
1.3,0.655,0.5191,1.945,0.5191,1.426,-167.2,-128.6,8.531,{'Pass'},0.065,0.04839;
1.4,0.647,0.5125,1.953,0.5125,1.44,-176.8,-126.3,8.147,{'Pass'},0.069,0.05128;
1.5,0.641,0.5065,1.959,0.5065,1.453,-186.1,-124.1,7.806,{'Pass'},0.073,0.0541;
1.6,0.634,0.5008,1.966,0.5008,1.465,-195.3,-122,7.503,{'Pass'},0.076,0.05687;
1.7,0.628,0.4955,1.972,0.4955,1.476,-204.2,-120.1,7.23,{'Pass'},0.08,0.05958;
1.8,0.623,0.4904,1.977,0.4904,1.487,-212.9,-118.3,6.983,{'Pass'},0.083,0.06224;
1.9,0.618,0.4857,1.982,0.4857,1.496,-221.4,-116.5,6.759,{'Pass'},0.087,0.06484;
2,0.613,0.4813,1.987,0.4813,1.506,-229.7,-114.8,6.555,{'Pass'},0.09,0.0674;
2.1,0.609,0.477,1.991,0.477,1.514,-237.8,-113.2,6.368,{'Pass'},0.093,0.0699;
2.2,0.605,0.473,1.995,0.473,1.522,-245.7,-111.7,6.196,{'Pass'},0.096,0.07236;
2.3,0.601,0.4692,1.999,0.4692,1.53,-253.5,-110.2,6.036,{'Pass'},0.1,0.07477;
2.4,0.597,0.4656,2.003,0.4656,1.537,-261.1,-108.8,5.889,{'Pass'},0.103,0.07714;
2.5,0.593,0.4622,2.007,0.4622,1.545,-268.5,-107.4,5.752,{'Pass'},0.106,0.07947;
2.6,0.59,0.4589,2.01,0.4589,1.551,-275.8,-106.1,5.625,{'Pass'},0.109,0.08176;
2.7,0.587,0.4558,2.013,0.4558,1.557,-282.9,-104.8,5.506,{'Pass'},0.111,0.084;
2.8,0.583,0.4528,2.017,0.4528,1.564,-289.9,-103.5,5.394,{'Pass'},0.114,0.08621;
2.9,0.581,0.4499,2.019,0.4499,1.569,-296.7,-102.3,5.29,{'Pass'},0.117,0.08838;
3,0.578,0.4472,2.022,0.4472,1.575,-303.4,-101.1,5.191,{'Pass'},0.12,0.09051;
3.1,0.575,0.4445,2.025,0.4445,1.58,-310,-100,5.098,{'Pass'},0.122,0.09261;
3.2,0.572,0.4424,2.028,0.4424,1.586,-316.3,-98.85,5.012,{'Pass'},0.125,0.09463;
3.3,0.573,0.4437,2.027,0.4437,1.583,-324.3,-98.28,4.882,{'Pass'},0.128,0.0972;
3.4,0.575,0.4455,2.025,0.4455,1.579,-332.5,-97.8,4.751,{'Pass'},0.132,0.09985;
3.5,0.576,0.4474,2.024,0.4474,1.577,-340.7,-97.35,4.626,{'Pass'},0.135,0.1025;
3.6,0.578,0.4493,2.022,0.4493,1.573,-349,-96.93,4.506,{'Pass'},0.138,0.1052;
3.7,0.58,0.4514,2.02,0.4514,1.569,-357.2,-96.54,4.391,{'Pass'},0.142,0.1079;
3.8,0.582,0.4535,2.018,0.4535,1.564,-365.4,-96.16,4.28,{'Pass'},0.145,0.1106;
3.9,0.585,0.4557,2.015,0.4557,1.559,-373.6,-95.81,4.174,{'Pass'},0.149,0.1133;
4,0.587,0.4579,2.013,0.4579,1.555,-381.9,-95.47,4.072,{'Pass'},0.152,0.116;
4.1,0.589,0.4602,2.011,0.4602,1.551,-390.1,-95.15,3.974,{'Pass'},0.155,0.1187;
4.2,0.592,0.4625,2.008,0.4625,1.546,-398.3,-94.84,3.881,{'Pass'},0.159,0.1214;
4.3,0.594,0.4648,2.006,0.4648,1.541,-406.5,-94.53,3.79,{'Pass'},0.162,0.1242;
4.4,0.597,0.4672,2.003,0.4672,1.536,-414.7,-94.24,3.704,{'Pass'},0.166,0.1269;
4.5,0.599,0.4696,2.001,0.4696,1.531,-422.8,-93.96,3.621,{'Pass'},0.169,0.1297;
4.6,0.602,0.472,1.998,0.472,1.526,-431,-93.69,3.54,{'Pass'},0.172,0.1324;
4.7,0.605,0.4744,1.995,0.4744,1.521,-439.1,-93.42,3.464,{'Pass'},0.176,0.1352;
4.8,0.607,0.4767,1.993,0.4767,1.516,-447.1,-93.15,3.39,{'Pass'},0.179,0.1379;
4.9,0.61,0.4791,1.99,0.4791,1.511,-455.1,-92.88,3.32,{'Pass'},0.183,0.1406;
5,0.613,0.4814,1.987,0.4814,1.506,-463.1,-92.62,3.252,{'Pass'},0.186,0.1434;
];

