%% RRAM MUX data
% Study the impact of prog. trans sizes
rram_mux32_nonisolate_one_level_sweep_wprog_0p7V = [%wprog,delay,leakage,dynamic_power,
1,3.0425e-11,1.714e-07,1.9025e-05,8.172e-16;
1.1,3.2045e-11,1.746e-07,1.8791e-05,8.0945e-16;
1.2,3.3085e-11,1.789e-07,1.88865e-05,8.252e-16;
1.3,3.314e-11,1.764e-07,1.99115e-05,8.8705e-16;
1.4,3.449e-11,1.796e-07,2.0165e-05,9.098e-16;
1.5,3.562e-11,1.83e-07,2.03885e-05,9.1455e-16;
1.6,3.647e-11,1.866e-07,2.0217e-05,9.214e-16;
1.7,3.7345e-11,1.904e-07,2.04235e-05,9.4145e-16;
1.8,3.822e-11,1.95e-07,2.0658e-05,9.643e-16;
1.9,3.8835e-11,1.974e-07,2.1202e-05,1.0086e-15;
];

rram_mux32_nonisolate_one_level_sweep_wprog_0p8V = [%wprog,delay,leakage,dynamic_power,
1,2.353e-11,2.424e-07,2.94e-05,1.1342e-15;
1.1,2.424e-11,2.463e-07,2.9905e-05,1.16465e-15;
1.2,2.5085e-11,2.469e-07,3.058e-05,1.19055e-15;
1.3,2.578e-11,2.494e-07,3.0665e-05,1.20115e-15;
1.4,2.6555e-11,2.528e-07,3.1875e-05,1.2618e-15;
1.5,2.7095e-11,2.601e-07,3.1635e-05,1.25565e-15;
1.6,2.7645e-11,2.541e-07,3.132e-05,1.2531e-15;
1.7,2.8645e-11,2.571e-07,3.241e-05,1.31035e-15;
1.8,2.898e-11,2.613e-07,3.2805e-05,1.34e-15;
1.9,2.983e-11,2.646e-07,3.2485e-05,1.36395e-15;
];

rram_mux32_nonisolate_one_level_sweep_wprog_0p9V = [%wprog,delay,leakage,dynamic_power,
1,1.9265e-11,3.429e-07,4.349e-05,1.591e-15;
1.1,1.9825e-11,3.499e-07,4.523e-05,1.6715e-15;
1.2,2.057e-11,3.466e-07,4.4505e-05,1.6765e-15;
1.3,2.106e-11,3.5e-07,4.494e-05,1.69645e-15;
1.4,2.196e-11,3.514e-07,4.6185e-05,1.72605e-15;
1.5,2.2305e-11,3.536e-07,4.6205e-05,1.77935e-15;
1.6,2.2775e-11,3.689e-07,4.6165e-05,1.78385e-15;
1.7,2.3565e-11,3.592e-07,4.705e-05,1.82105e-15;
1.8,2.4145e-11,3.684e-07,4.594e-05,1.7678e-15;
1.9,2.461e-11,3.649e-07,4.69e-05,1.8054e-15;
];

rram_mux32_nonisolate_two_level_sweep_wprog_0p7V = [%wprog,delay,leakage,dynamic_power,
1,4.5215e-11,1.905e-07,1.9286e-05,1.00625e-15;
1.1,4.7865e-11,1.988e-07,1.9571e-05,9.909e-16;
1.2,5.0235e-11,2.039e-07,1.9263e-05,1.00615e-15;
1.3,5.204e-11,2.049e-07,1.9519e-05,1.04885e-15;,
1.4,5.4015e-11,2.114e-07,1.97695e-05,1.08625e-15;
1.5,5.615e-11,2.179e-07,2.03625e-05,1.1405e-15;
1.6,5.805e-11,2.253e-07,2.05785e-05,1.1728e-15;
1.7,5.99e-11,2.314e-07,2.1307e-05,1.2288e-15;
1.8,6.18e-11,2.382e-07,2.14545e-05,1.2608e-15;
1.9,6.3655e-11,2.45e-07,2.17505e-05,1.29815e-15;
];

rram_mux32_nonisolate_two_level_sweep_wprog_0p8V = [%wprog,delay,leakage,dynamic_power,
1,3.598e-11,2.668e-07,2.9403e-05,1.3059e-15;
1.1,3.743e-11,2.721e-07,3.00095e-05,1.36205e-15;
1.2,3.923e-11,2.709e-07,3.05795e-05,1.41655e-15;
1.3,4.1e-11,2.764e-07,3.07855e-05,1.4499e-15;
1.4,4.226e-11,2.846e-07,3.1204e-05,1.50285e-15;
1.5,4.402e-11,2.994e-07,3.1502e-05,1.53575e-15;
1.6,4.508e-11,2.975e-07,3.1969e-05,1.6048e-15;
1.7,4.689e-11,2.992e-07,3.26015e-05,1.63375e-15;
1.8,4.8535e-11,3.06e-07,3.2346e-05,1.62175e-15;
1.9,4.9965e-11,3.212e-07,3.27235e-05,1.66845e-15;
];

rram_mux32_nonisolate_two_level_sweep_wprog_0p9V = [%wprog,delay,leakage,dynamic_power,
1,3.0335e-11,3.648e-07,4.141e-05,1.71925e-15;
1.1,3.1675e-11,3.708e-07,4.2975e-05,1.8018e-15;
1.2,3.3275e-11,3.749e-07,4.2225e-05,1.77775e-15;
1.3,3.4495e-11,3.804e-07,4.2905e-05,1.8343e-15;
1.4,3.5615e-11,3.878e-07,4.30175e-05,1.86175e-15;
1.5,3.677e-11,3.987e-07,4.5005e-05,1.9791e-15;
1.6,3.841e-11,3.939e-07,4.51575e-05,2.00085e-15;
1.7,3.9375e-11,3.995e-07,4.61825e-05,2.0887e-15;
1.8,4.083e-11,4.06e-07,4.6124e-05,2.11275e-15;
1.9,4.207e-11,4.161e-07,4.63855e-05,2.1664e-15;
];

rram_mux32_nonisolate_multi_level_sweep_wprog_0p7V = [%wprog,delay,leakage,dynamic_power,
1,1.114e-10,2.946e-07,1.7665e-05,1.41615e-15;
1.1,1.1865e-10,3.148e-07,1.81965e-05,1.477e-15;
1.2,1.259e-10,3.394e-07,1.85775e-05,1.550865e-15;
1.3,1.326e-10,3.649e-07,1.9057e-05,1.6512e-15;
1.4,1.392e-10,3.862e-07,1.924375e-05,1.710865e-15;
1.5,1.4725e-10,4.001e-07,1.90835e-05,1.809225e-15;
1.6,1.5415e-10,4.223e-07,1.91726e-05,1.878445e-15;
1.7,1.6045e-10,4.45e-07,1.960125e-05,1.96421e-15;
1.8,1.676e-10,4.679e-07,1.98221e-05,2.04671e-15;
1.9,1.745e-10,4.922e-07,2.02045e-05,2.0977e-15;
];

rram_mux32_nonisolate_multi_level_sweep_wprog_0p8V = [%wprog,delay,leakage,dynamic_power,
1,9.297e-11,3.708e-07,2.61295e-05,1.8379e-15;
1.1,9.8835e-11,3.905e-07,2.695e-05,1.9561e-15;
1.2,1.051e-10,4.112e-07,2.7713e-05,2.0666e-15;
1.3,1.112e-10,4.327e-07,2.81515e-05,2.10835e-15;
1.4,1.1745e-10,4.683e-07,2.8654e-05,2.20645e-15;
1.5,1.2365e-10,4.837e-07,2.88925e-05,2.306e-15;
1.6,1.2955e-10,5.097e-07,2.93115e-05,2.398135e-15;
1.7,1.352e-10,5.235e-07,2.9074e-05,2.5392e-15;
1.8,1.408e-10,5.467e-07,2.98515e-05,2.6839e-15;
1.9,1.4705e-10,5.707e-07,2.99545e-05,2.6733e-15;
];

rram_mux32_nonisolate_multi_level_sweep_wprog_0p9V = [%wprog,delay,leakage,dynamic_power,
1,8.243e-11,4.836e-07,3.65875e-05,2.28475e-15;
1.1,8.8245e-11,4.977e-07,3.6587e-05,2.43525e-15;
1.2,9.3875e-11,5.2e-07,3.76465e-05,2.49415e-15;
1.3,9.898e-11,5.424e-07,3.82e-05,2.64645e-15;
1.4,1.04685e-10,5.66e-07,3.9189e-05,2.7251e-15;
1.5,1.1055e-10,5.896e-07,3.9858e-05,2.86515e-15;
1.6,1.1575e-10,6.13e-07,3.9834e-05,3.0666e-15;
1.7,1.212e-10,6.529e-07,4.05875e-05,3.1886e-15;
1.8,1.268e-10,6.613e-07,4.14585e-05,3.18135e-15;
1.9,1.318e-10,7.03e-07,4.135e-05,3.47385e-15;
];

