rram2t1r_vprog2p5V_inv15 = [ % Wprog, Vds1, Vds2, Vte, Vbe, Vrram, Iprog, Iprog_Wprog, Ron, Breakdown_check
1,0.597,0.5333,1.903,0.5333,1.37,-133.4,-133.4,10.27,{'Pass'},0.035,0.02608;
1.1,0.59,0.5222,1.91,0.5222,1.388,-143.7,-130.6,9.662,{'Pass'},0.038,0.02813;
1.2,0.583,0.5122,1.917,0.5122,1.405,-153.7,-128.1,9.141,{'Pass'},0.04,0.03014;
1.3,0.576,0.5033,1.924,0.5033,1.421,-163.4,-125.7,8.692,{'Pass'},0.043,0.03209;
1.4,0.57,0.4954,1.93,0.4954,1.435,-172.8,-123.4,8.3,{'Pass'},0.046,0.03398;
1.5,0.565,0.488,1.935,0.488,1.447,-182,-121.3,7.953,{'Pass'},0.048,0.03583;
1.6,0.559,0.4811,1.941,0.4811,1.46,-191,-119.3,7.642,{'Pass'},0.05,0.03765;
1.7,0.555,0.4747,1.945,0.4747,1.47,-199.7,-117.5,7.363,{'Pass'},0.053,0.03943;
1.8,0.55,0.4687,1.95,0.4687,1.481,-208.3,-115.7,7.11,{'Pass'},0.055,0.04118;
1.9,0.546,0.463,1.954,0.463,1.491,-216.7,-114.1,6.879,{'Pass'},0.057,0.0429;
2,0.542,0.4575,1.958,0.4575,1.5,-224.9,-112.5,6.67,{'Pass'},0.06,0.04458;
2.1,0.538,0.4524,1.962,0.4524,1.51,-233,-111,6.477,{'Pass'},0.062,0.04623;
2.2,0.535,0.4476,1.965,0.4476,1.517,-240.9,-109.5,6.299,{'Pass'},0.064,0.04785;
2.3,0.532,0.443,1.968,0.443,1.525,-248.6,-108.1,6.135,{'Pass'},0.066,0.04945;
2.4,0.528,0.4387,1.972,0.4387,1.533,-256.3,-106.8,5.982,{'Pass'},0.068,0.05102;
2.5,0.525,0.4346,1.975,0.4346,1.54,-263.7,-105.5,5.84,{'Pass'},0.07,0.05257;
2.6,0.522,0.4307,1.978,0.4307,1.547,-271.1,-104.3,5.707,{'Pass'},0.072,0.05409;
2.7,0.523,0.4308,1.977,0.4308,1.546,-280.1,-103.8,5.52,{'Pass'},0.075,0.05598;
2.8,0.524,0.4318,1.976,0.4318,1.544,-289.6,-103.4,5.333,{'Pass'},0.077,0.05795;
2.9,0.525,0.433,1.975,0.433,1.542,-299,-103.1,5.156,{'Pass'},0.08,0.05993;
3,0.527,0.4344,1.973,0.4344,1.539,-308.6,-102.9,4.987,{'Pass'},0.082,0.06193;
3.1,0.529,0.436,1.971,0.436,1.535,-318.2,-102.6,4.826,{'Pass'},0.085,0.06395;
3.2,0.53,0.4379,1.97,0.4379,1.532,-327.6,-102.4,4.676,{'Pass'},0.087,0.06595;
3.3,0.532,0.4401,1.968,0.4401,1.528,-337,-102.1,4.534,{'Pass'},0.09,0.06795;
3.4,0.534,0.4424,1.966,0.4424,1.524,-346.5,-101.9,4.399,{'Pass'},0.093,0.06996;
3.5,0.535,0.4448,1.965,0.4448,1.52,-356,-101.7,4.269,{'Pass'},0.095,0.07199;
3.6,0.537,0.4472,1.963,0.4472,1.516,-365.6,-101.6,4.145,{'Pass'},0.098,0.07404;
3.7,0.539,0.4497,1.961,0.4497,1.511,-375.2,-101.4,4.027,{'Pass'},0.1,0.0761;
3.8,0.541,0.4523,1.959,0.4523,1.507,-384.9,-101.3,3.913,{'Pass'},0.103,0.07818;
3.9,0.544,0.455,1.956,0.455,1.501,-394.6,-101.2,3.805,{'Pass'},0.106,0.08027;
4,0.546,0.4577,1.954,0.4577,1.496,-404.3,-101.1,3.701,{'Pass'},0.109,0.08238;
4.1,0.548,0.4604,1.952,0.4604,1.492,-414,-101,3.602,{'Pass'},0.111,0.08449;
4.2,0.55,0.4631,1.95,0.4631,1.487,-423.8,-100.9,3.508,{'Pass'},0.114,0.08661;
4.3,0.553,0.4658,1.947,0.4658,1.481,-433.5,-100.8,3.417,{'Pass'},0.117,0.08874;
4.4,0.555,0.4685,1.945,0.4685,1.476,-443.3,-100.7,3.331,{'Pass'},0.119,0.09088;
4.5,0.557,0.4712,1.943,0.4712,1.472,-453,-100.7,3.248,{'Pass'},0.122,0.09303;
4.6,0.56,0.4739,1.94,0.4739,1.466,-462.8,-100.6,3.169,{'Pass'},0.125,0.09517;
4.7,0.562,0.4766,1.938,0.4766,1.461,-472.5,-100.5,3.093,{'Pass'},0.127,0.09732;
4.8,0.564,0.4792,1.936,0.4792,1.457,-482.2,-100.4,3.021,{'Pass'},0.13,0.09947;
4.9,0.567,0.4818,1.933,0.4818,1.451,-491.8,-100.4,2.952,{'Pass'},0.133,0.1016;
5,0.569,0.4844,1.931,0.4844,1.447,-501.4,-100.3,2.885,{'Pass'},0.136,0.1038;
];

rram2t1r_vprog2p6V_inv15 = [ % Wprog, Vds1, Vds2, Vte, Vbe, Vrram, Iprog, Iprog_Wprog, Ron, Breakdown_check
1,0.629,0.58,1.971,0.58,1.391,-145.4,-145.4,9.568,{'Pass'},0.038,0.02788;
1.1,0.622,0.5683,1.978,0.5683,1.41,-156.8,-142.5,8.994,{'Pass'},0.04,0.03011;
1.2,0.615,0.5578,1.985,0.5578,1.427,-167.9,-139.9,8.5,{'Pass'},0.043,0.03229;
1.3,0.609,0.5485,1.991,0.5485,1.443,-178.6,-137.4,8.076,{'Pass'},0.046,0.03441;
1.4,0.603,0.5402,1.997,0.5402,1.457,-189.1,-135,7.706,{'Pass'},0.049,0.03647;
1.5,0.598,0.5325,2.002,0.5325,1.469,-199.2,-132.8,7.378,{'Pass'},0.052,0.03849;
1.6,0.593,0.5252,2.007,0.5252,1.482,-209.2,-130.8,7.085,{'Pass'},0.054,0.04047;
1.7,0.588,0.5185,2.012,0.5185,1.494,-219,-128.8,6.821,{'Pass'},0.057,0.04242;
1.8,0.584,0.5121,2.016,0.5121,1.504,-228.5,-127,6.583,{'Pass'},0.059,0.04433;
1.9,0.58,0.5061,2.02,0.5061,1.514,-237.9,-125.2,6.366,{'Pass'},0.062,0.04621;
2,0.576,0.5003,2.024,0.5003,1.524,-247,-123.5,6.169,{'Pass'},0.064,0.04804;
2.1,0.577,0.5006,2.023,0.5006,1.522,-258,-122.9,5.902,{'Pass'},0.067,0.05027;
2.2,0.578,0.5017,2.022,0.5017,1.52,-269.3,-122.4,5.646,{'Pass'},0.07,0.05254;
2.3,0.579,0.5032,2.021,0.5032,1.518,-280.6,-122,5.408,{'Pass'},0.073,0.05485;
2.4,0.581,0.5049,2.019,0.5049,1.514,-292,-121.7,5.184,{'Pass'},0.076,0.05717;
2.5,0.583,0.507,2.017,0.507,1.51,-303.5,-121.4,4.975,{'Pass'},0.079,0.05952;
2.6,0.585,0.5092,2.015,0.5092,1.506,-315.1,-121.2,4.778,{'Pass'},0.082,0.06189;
2.7,0.588,0.5117,2.012,0.5117,1.5,-326.7,-121,4.594,{'Pass'},0.085,0.06428;
2.8,0.59,0.5143,2.01,0.5143,1.496,-338.4,-120.9,4.42,{'Pass'},0.088,0.06669;
2.9,0.593,0.5171,2.007,0.5171,1.49,-350.1,-120.7,4.256,{'Pass'},0.092,0.06913;
3,0.595,0.52,2.005,0.52,1.485,-361.9,-120.6,4.102,{'Pass'},0.095,0.07158;
3.1,0.598,0.5231,2.002,0.5231,1.479,-373.8,-120.6,3.957,{'Pass'},0.098,0.07405;
3.2,0.6,0.5264,2,0.5264,1.474,-385.4,-120.4,3.823,{'Pass'},0.101,0.07648;
3.3,0.603,0.5298,1.997,0.5298,1.467,-396.9,-120.3,3.697,{'Pass'},0.104,0.07891;
3.4,0.605,0.5332,1.995,0.5332,1.462,-408.4,-120.1,3.578,{'Pass'},0.107,0.08134;
3.5,0.608,0.5366,1.992,0.5366,1.455,-420,-120,3.466,{'Pass'},0.11,0.08379;
3.6,0.61,0.54,1.99,0.54,1.45,-431.5,-119.9,3.36,{'Pass'},0.113,0.08623;
3.7,0.613,0.5433,1.987,0.5433,1.444,-443,-119.7,3.259,{'Pass'},0.117,0.08869;
3.8,0.615,0.5465,1.985,0.5465,1.438,-454.5,-119.6,3.164,{'Pass'},0.12,0.09114;
3.9,0.618,0.5497,1.982,0.5497,1.432,-465.9,-119.5,3.075,{'Pass'},0.123,0.0936;
4,0.62,0.5529,1.98,0.5529,1.427,-477.3,-119.3,2.99,{'Pass'},0.126,0.09606;
4.1,0.622,0.5559,1.978,0.5559,1.422,-488.7,-119.2,2.909,{'Pass'},0.129,0.09851;
4.2,0.625,0.5589,1.975,0.5589,1.416,-500,-119,2.833,{'Pass'},0.132,0.101;
4.3,0.627,0.5618,1.973,0.5618,1.411,-511.2,-118.9,2.76,{'Pass'},0.135,0.1034;
4.4,0.629,0.5646,1.971,0.5646,1.406,-522.4,-118.7,2.692,{'Pass'},0.138,0.1058;
4.5,0.631,0.5673,1.969,0.5673,1.402,-533.5,-118.6,2.627,{'Pass'},0.141,0.1083;
4.6,0.634,0.5699,1.966,0.5699,1.396,-544.5,-118.4,2.565,{'Pass'},0.144,0.1107;
4.7,0.636,0.5724,1.964,0.5724,1.392,-555.4,-118.2,2.506,{'Pass'},0.147,0.1131;
4.8,0.638,0.5749,1.962,0.5749,1.387,-566.3,-118,2.45,{'Pass'},0.15,0.1155;
4.9,0.64,0.5772,1.96,0.5772,1.383,-577.1,-117.8,2.397,{'Pass'},0.153,0.1179;
5,0.642,0.5795,1.958,0.5795,1.378,-587.8,-117.6,2.346,{'Pass'},0.156,0.1203;
];

