rram2n1r_vprog2p5V_inv5 = [ % Wprog, Vds1, Vds2, Vte, Vbe, Vrram, Iprog, Iprog_Wprog, Ron, Breakdown_check
1,0.908,0.3313,1.592,0.3313,1.261,-86.16,-86.16,14.63,{'Pass'},0.069,0.04978;
1.1,0.909,0.3189,1.591,0.3189,1.272,-90.43,-82.21,14.07,{'Pass'},0.072,0.05234;
1.2,0.909,0.3082,1.591,0.3082,1.283,-94.42,-78.69,13.59,{'Pass'},0.075,0.05475;
1.3,0.908,0.2989,1.592,0.2989,1.293,-98.15,-75.5,13.17,{'Pass'},0.078,0.05701;
1.4,0.907,0.2909,1.593,0.2909,1.302,-101.7,-72.61,12.81,{'Pass'},0.081,0.05914;
1.5,0.906,0.2837,1.594,0.2837,1.31,-105,-70,12.48,{'Pass'},0.084,0.06118;
1.6,0.905,0.2774,1.595,0.2774,1.318,-108.2,-67.62,12.18,{'Pass'},0.087,0.06314;
1.7,0.904,0.2717,1.596,0.2717,1.324,-111.3,-65.46,11.9,{'Pass'},0.089,0.06502;
1.8,0.902,0.2667,1.598,0.2667,1.331,-114.3,-63.48,11.65,{'Pass'},0.092,0.06686;
1.9,0.901,0.2621,1.599,0.2621,1.337,-117.1,-61.62,11.42,{'Pass'},0.094,0.06859;
2,0.9,0.2574,1.6,0.2574,1.343,-119.6,-59.79,11.22,{'Pass'},0.096,0.07015;
2.1,0.899,0.2532,1.601,0.2532,1.348,-122,-58.11,11.04,{'Pass'},0.098,0.07166;
2.2,0.898,0.2494,1.602,0.2494,1.353,-124.4,-56.54,10.87,{'Pass'},0.1,0.07313;
2.3,0.897,0.2459,1.603,0.2459,1.357,-126.7,-55.09,10.71,{'Pass'},0.102,0.07456;
2.4,0.896,0.2428,1.604,0.2428,1.361,-129,-53.73,10.56,{'Pass'},0.104,0.07597;
2.5,0.895,0.2399,1.605,0.2399,1.365,-131.2,-52.46,10.41,{'Pass'},0.106,0.07735;
2.6,0.893,0.2373,1.607,0.2373,1.37,-133.3,-51.28,10.27,{'Pass'},0.107,0.0787;
2.7,0.891,0.235,1.609,0.235,1.374,-135.4,-50.16,10.14,{'Pass'},0.109,0.08003;
2.8,0.89,0.2328,1.61,0.2328,1.377,-137.5,-49.12,10.01,{'Pass'},0.111,0.08135;
2.9,0.888,0.2309,1.612,0.2309,1.381,-139.6,-48.13,9.894,{'Pass'},0.113,0.08264;
3,0.886,0.2291,1.614,0.2291,1.385,-141.6,-47.2,9.777,{'Pass'},0.114,0.08392;
3.1,0.884,0.2275,1.616,0.2275,1.389,-143.6,-46.33,9.666,{'Pass'},0.116,0.08519;
3.2,0.882,0.2263,1.618,0.2263,1.392,-145.6,-45.5,9.557,{'Pass'},0.118,0.08645;
3.3,0.88,0.2253,1.62,0.2253,1.395,-147.6,-44.72,9.452,{'Pass'},0.119,0.0877;
3.4,0.877,0.2243,1.623,0.2243,1.399,-149.5,-43.98,9.351,{'Pass'},0.121,0.08894;
3.5,0.875,0.2235,1.625,0.2235,1.401,-151.4,-43.27,9.254,{'Pass'},0.122,0.09017;
3.6,0.873,0.2227,1.627,0.2227,1.404,-153.3,-42.59,9.16,{'Pass'},0.124,0.09137;
3.7,0.871,0.222,1.629,0.222,1.407,-155.2,-41.95,9.069,{'Pass'},0.126,0.09256;
3.8,0.868,0.2213,1.632,0.2213,1.411,-157,-41.32,8.982,{'Pass'},0.127,0.09374;
3.9,0.866,0.2207,1.634,0.2207,1.413,-158.8,-40.73,8.898,{'Pass'},0.129,0.0949;
4,0.864,0.2201,1.636,0.2201,1.416,-160.6,-40.15,8.817,{'Pass'},0.13,0.09604;
4.1,0.862,0.2196,1.638,0.2196,1.418,-162.4,-39.6,8.738,{'Pass'},0.132,0.09717;
4.2,0.859,0.2191,1.641,0.2191,1.422,-164.1,-39.07,8.663,{'Pass'},0.133,0.09828;
4.3,0.857,0.2187,1.643,0.2187,1.424,-165.8,-38.55,8.59,{'Pass'},0.135,0.09938;
4.4,0.855,0.2183,1.645,0.2183,1.427,-167.5,-38.06,8.519,{'Pass'},0.136,0.1005;
4.5,0.853,0.2179,1.647,0.2179,1.429,-169.1,-37.58,8.451,{'Pass'},0.137,0.1015;
4.6,0.851,0.2176,1.649,0.2176,1.431,-170.7,-37.11,8.385,{'Pass'},0.139,0.1026;
4.7,0.849,0.2172,1.651,0.2172,1.434,-172.3,-36.66,8.321,{'Pass'},0.14,0.1036;
4.8,0.847,0.2169,1.653,0.2169,1.436,-173.9,-36.22,8.259,{'Pass'},0.141,0.1046;
4.9,0.845,0.2167,1.655,0.2167,1.438,-175.4,-35.8,8.199,{'Pass'},0.143,0.1056;
5,0.843,0.2164,1.657,0.2164,1.441,-176.9,-35.38,8.141,{'Pass'},0.144,0.1066;
];

rram2n1r_vprog2p6V_inv5 = [ % Wprog, Vds1, Vds2, Vte, Vbe, Vrram, Iprog, Iprog_Wprog, Ron, Breakdown_check
1,0.924,0.3808,1.676,0.3808,1.295,-98.9,-98.9,13.09,{'Pass'},0.077,0.05622;
1.1,0.926,0.3668,1.674,0.3668,1.307,-104,-94.53,12.57,{'Pass'},0.081,0.05923;
1.2,0.927,0.3545,1.673,0.3545,1.319,-108.7,-90.6,12.13,{'Pass'},0.085,0.06206;
1.3,0.928,0.3439,1.672,0.3439,1.328,-113.1,-87.02,11.74,{'Pass'},0.089,0.06469;
1.4,0.928,0.3345,1.672,0.3345,1.338,-117.2,-83.74,11.41,{'Pass'},0.092,0.06716;
1.5,0.928,0.3262,1.672,0.3262,1.346,-121.1,-80.76,11.11,{'Pass'},0.095,0.06951;
1.6,0.928,0.3187,1.672,0.3187,1.353,-124.8,-78.03,10.84,{'Pass'},0.098,0.07175;
1.7,0.928,0.312,1.672,0.312,1.36,-128.4,-75.52,10.59,{'Pass'},0.101,0.0739;
1.8,0.927,0.3059,1.673,0.3059,1.367,-131.8,-73.22,10.37,{'Pass'},0.104,0.07598;
1.9,0.927,0.3004,1.673,0.3004,1.373,-135,-71.05,10.17,{'Pass'},0.106,0.07794;
2,0.927,0.2949,1.673,0.2949,1.378,-137.9,-68.96,9.992,{'Pass'},0.109,0.07972;
2.1,0.927,0.2899,1.673,0.2899,1.383,-140.7,-67,9.829,{'Pass'},0.111,0.08144;
2.2,0.927,0.2853,1.673,0.2853,1.388,-143.4,-65.18,9.677,{'Pass'},0.113,0.0831;
2.3,0.927,0.2812,1.673,0.2812,1.392,-146,-63.49,9.535,{'Pass'},0.115,0.08471;
2.4,0.926,0.2774,1.674,0.2774,1.397,-148.6,-61.9,9.401,{'Pass'},0.117,0.08628;
2.5,0.925,0.2739,1.675,0.2739,1.401,-151,-60.41,9.275,{'Pass'},0.119,0.0878;
2.6,0.925,0.2707,1.675,0.2707,1.404,-153.4,-59.01,9.155,{'Pass'},0.121,0.0893;
2.7,0.924,0.2678,1.676,0.2678,1.408,-155.8,-57.7,9.041,{'Pass'},0.123,0.09076;
2.8,0.923,0.2651,1.677,0.2651,1.412,-158.1,-56.46,8.933,{'Pass'},0.125,0.0922;
2.9,0.922,0.2626,1.678,0.2626,1.415,-160.3,-55.29,8.829,{'Pass'},0.127,0.09362;
3,0.921,0.2604,1.679,0.2604,1.419,-162.6,-54.19,8.729,{'Pass'},0.129,0.09501;
3.1,0.919,0.2584,1.681,0.2584,1.423,-164.8,-53.15,8.634,{'Pass'},0.13,0.09638;
3.2,0.917,0.2568,1.683,0.2568,1.426,-166.9,-52.17,8.54,{'Pass'},0.132,0.09776;
3.3,0.916,0.2554,1.684,0.2554,1.429,-169.1,-51.24,8.45,{'Pass'},0.134,0.09912;
3.4,0.914,0.2541,1.686,0.2541,1.432,-171.2,-50.37,8.363,{'Pass'},0.136,0.1005;
3.5,0.912,0.253,1.688,0.253,1.435,-173.4,-49.53,8.279,{'Pass'},0.138,0.1018;
3.6,0.91,0.252,1.69,0.252,1.438,-175.5,-48.74,8.197,{'Pass'},0.139,0.1031;
3.7,0.908,0.251,1.692,0.251,1.441,-177.5,-47.98,8.118,{'Pass'},0.141,0.1045;
3.8,0.906,0.2502,1.694,0.2502,1.444,-179.6,-47.26,8.041,{'Pass'},0.143,0.1058;
3.9,0.904,0.2494,1.696,0.2494,1.447,-181.6,-46.56,7.967,{'Pass'},0.144,0.107;
4,0.902,0.2487,1.698,0.2487,1.449,-183.6,-45.9,7.896,{'Pass'},0.146,0.1083;
4.1,0.9,0.2481,1.7,0.2481,1.452,-185.6,-45.26,7.826,{'Pass'},0.148,0.1096;
4.2,0.898,0.2475,1.702,0.2475,1.454,-187.5,-44.64,7.759,{'Pass'},0.149,0.1108;
4.3,0.896,0.247,1.704,0.247,1.457,-189.4,-44.05,7.693,{'Pass'},0.151,0.1121;
4.4,0.894,0.2465,1.706,0.2465,1.46,-191.3,-43.48,7.63,{'Pass'},0.152,0.1133;
4.5,0.892,0.246,1.708,0.246,1.462,-193.2,-42.93,7.569,{'Pass'},0.154,0.1145;
4.6,0.89,0.2456,1.71,0.2456,1.464,-195.1,-42.4,7.509,{'Pass'},0.155,0.1157;
4.7,0.888,0.2453,1.712,0.2453,1.467,-196.9,-41.89,7.451,{'Pass'},0.157,0.1169;
4.8,0.886,0.2449,1.714,0.2449,1.469,-198.7,-41.39,7.395,{'Pass'},0.158,0.118;
4.9,0.884,0.2446,1.716,0.2446,1.471,-200.4,-40.91,7.341,{'Pass'},0.16,0.1192;
5,0.882,0.2444,1.718,0.2444,1.474,-202.2,-40.44,7.288,{'Pass'},0.161,0.1203;
];

