rram2t1r_vprog2p5V_inv5 = [ % Wprog, Vds1, Vds2, Vte, Vbe, Vrram, Iprog, Iprog_Wprog, Ron, Breakdown_check
1,0.655,0.5055,1.845,0.5055,1.34,-118.2,-118.2,11.33,{'Pass'},0.095,0.06929;
1.1,0.647,0.4969,1.853,0.4969,1.356,-126.5,-115,10.72,{'Pass'},0.102,0.07443;
1.2,0.639,0.4893,1.861,0.4893,1.372,-134.4,-112,10.2,{'Pass'},0.108,0.07941;
1.3,0.632,0.4826,1.868,0.4826,1.385,-142.1,-109.3,9.753,{'Pass'},0.115,0.0842;
1.4,0.625,0.4768,1.875,0.4768,1.398,-149.3,-106.7,9.362,{'Pass'},0.121,0.08881;
1.5,0.619,0.4714,1.881,0.4714,1.41,-156.3,-104.2,9.016,{'Pass'},0.127,0.09328;
1.6,0.614,0.4664,1.886,0.4664,1.42,-163,-101.9,8.708,{'Pass'},0.132,0.09761;
1.7,0.609,0.4618,1.891,0.4618,1.429,-169.5,-99.73,8.432,{'Pass'},0.138,0.1018;
1.8,0.604,0.4575,1.896,0.4575,1.438,-175.8,-97.66,8.184,{'Pass'},0.143,0.1059;
1.9,0.599,0.4535,1.901,0.4535,1.448,-181.8,-95.7,7.959,{'Pass'},0.148,0.1098;
2,0.595,0.4497,1.905,0.4497,1.455,-187.6,-93.82,7.754,{'Pass'},0.153,0.1137;
2.1,0.591,0.4462,1.909,0.4462,1.463,-193.3,-92.03,7.567,{'Pass'},0.158,0.1174;
2.2,0.588,0.4429,1.912,0.4429,1.469,-198.7,-90.32,7.395,{'Pass'},0.162,0.121;
2.3,0.584,0.4398,1.916,0.4398,1.476,-203.9,-88.67,7.236,{'Pass'},0.167,0.1245;
2.4,0.581,0.4369,1.919,0.4369,1.482,-209,-87.09,7.09,{'Pass'},0.171,0.128;
2.5,0.578,0.4342,1.922,0.4342,1.488,-213.9,-85.58,6.954,{'Pass'},0.175,0.1313;
2.6,0.575,0.4316,1.925,0.4316,1.493,-218.7,-84.11,6.828,{'Pass'},0.18,0.1345;
2.7,0.572,0.4291,1.928,0.4291,1.499,-223.3,-82.71,6.71,{'Pass'},0.184,0.1377;
2.8,0.57,0.4268,1.93,0.4268,1.503,-227.8,-81.35,6.601,{'Pass'},0.187,0.1408;
2.9,0.567,0.4246,1.933,0.4246,1.508,-232.1,-80.03,6.498,{'Pass'},0.191,0.1438;
3,0.565,0.4225,1.935,0.4225,1.513,-236.3,-78.77,6.401,{'Pass'},0.195,0.1467;
3.1,0.562,0.4206,1.938,0.4206,1.517,-240.4,-77.54,6.31,{'Pass'},0.198,0.1495;
3.2,0.56,0.419,1.94,0.419,1.521,-244.3,-76.33,6.227,{'Pass'},0.202,0.1522;
3.3,0.558,0.4175,1.942,0.4175,1.524,-248,-75.15,6.148,{'Pass'},0.205,0.1549;
3.4,0.555,0.4161,1.945,0.4161,1.529,-251.6,-74.01,6.074,{'Pass'},0.208,0.1574;
3.5,0.553,0.4148,1.947,0.4148,1.532,-255.2,-72.91,6.003,{'Pass'},0.211,0.1599;
3.6,0.551,0.4135,1.949,0.4135,1.535,-258.6,-71.84,5.936,{'Pass'},0.214,0.1624;
3.7,0.549,0.4123,1.951,0.4123,1.539,-262,-70.8,5.872,{'Pass'},0.217,0.1648;
3.8,0.547,0.4111,1.953,0.4111,1.542,-265.2,-69.8,5.812,{'Pass'},0.22,0.1671;
3.9,0.546,0.4099,1.954,0.4099,1.544,-268.4,-68.83,5.754,{'Pass'},0.223,0.1694;
4,0.544,0.4088,1.956,0.4088,1.547,-271.5,-67.88,5.699,{'Pass'},0.226,0.1716;
4.1,0.542,0.4077,1.958,0.4077,1.55,-274.5,-66.96,5.646,{'Pass'},0.228,0.1738;
4.2,0.54,0.4067,1.96,0.4067,1.553,-277.5,-66.06,5.596,{'Pass'},0.231,0.1759;
4.3,0.539,0.4057,1.961,0.4057,1.555,-280.3,-65.19,5.548,{'Pass'},0.234,0.178;
4.4,0.537,0.4047,1.963,0.4047,1.558,-283.1,-64.35,5.502,{'Pass'},0.236,0.1801;
4.5,0.536,0.4038,1.964,0.4038,1.56,-285.9,-63.52,5.458,{'Pass'},0.239,0.1821;
4.6,0.534,0.4029,1.966,0.4029,1.563,-288.5,-62.72,5.416,{'Pass'},0.241,0.184;
4.7,0.533,0.402,1.967,0.402,1.565,-291.1,-61.94,5.375,{'Pass'},0.243,0.1859;
4.8,0.532,0.4012,1.968,0.4012,1.567,-293.7,-61.18,5.336,{'Pass'},0.245,0.1878;
4.9,0.531,0.4004,1.969,0.4004,1.569,-296.1,-60.44,5.298,{'Pass'},0.248,0.1897;
5,0.529,0.3996,1.971,0.3996,1.571,-298.6,-59.71,5.262,{'Pass'},0.25,0.1915;
];

rram2t1r_vprog2p6V_inv5 = [ % Wprog, Vds1, Vds2, Vte, Vbe, Vrram, Iprog, Iprog_Wprog, Ron, Breakdown_check
1,0.696,0.5443,1.904,0.5443,1.36,-128.4,-128.4,10.59,{'Pass'},0.101,0.0739;
1.1,0.688,0.5352,1.912,0.5352,1.377,-137.5,-125,10.02,{'Pass'},0.108,0.07945;
1.2,0.68,0.5271,1.92,0.5271,1.393,-146.2,-121.8,9.524,{'Pass'},0.115,0.08483;
1.3,0.673,0.5201,1.927,0.5201,1.407,-154.6,-118.9,9.1,{'Pass'},0.122,0.09001;
1.4,0.667,0.514,1.933,0.514,1.419,-162.6,-116.1,8.73,{'Pass'},0.129,0.09501;
1.5,0.661,0.5084,1.939,0.5084,1.431,-170.3,-113.5,8.403,{'Pass'},0.135,0.09985;
1.6,0.655,0.5031,1.945,0.5031,1.442,-177.7,-111.1,8.112,{'Pass'},0.141,0.1046;
1.7,0.65,0.4983,1.95,0.4983,1.452,-184.8,-108.7,7.851,{'Pass'},0.147,0.1091;
1.8,0.646,0.4938,1.954,0.4938,1.46,-191.7,-106.5,7.616,{'Pass'},0.153,0.1136;
1.9,0.642,0.4896,1.958,0.4896,1.468,-198.4,-104.4,7.404,{'Pass'},0.158,0.1179;
2,0.637,0.4857,1.963,0.4857,1.477,-204.8,-102.4,7.21,{'Pass'},0.164,0.122;
2.1,0.634,0.482,1.966,0.482,1.484,-211.1,-100.5,7.033,{'Pass'},0.169,0.1261;
2.2,0.63,0.4786,1.97,0.4786,1.491,-217.1,-98.67,6.871,{'Pass'},0.174,0.1301;
2.3,0.627,0.4754,1.973,0.4754,1.498,-222.9,-96.91,6.721,{'Pass'},0.179,0.1339;
2.4,0.623,0.4723,1.977,0.4723,1.505,-228.5,-95.21,6.583,{'Pass'},0.183,0.1377;
2.5,0.62,0.4695,1.98,0.4695,1.51,-234,-93.59,6.455,{'Pass'},0.188,0.1413;
2.6,0.618,0.4668,1.982,0.4668,1.515,-239.2,-92.02,6.335,{'Pass'},0.193,0.1449;
2.7,0.615,0.4643,1.985,0.4643,1.521,-244.4,-90.5,6.224,{'Pass'},0.197,0.1483;
2.8,0.612,0.4618,1.988,0.4618,1.526,-249.3,-89.04,6.121,{'Pass'},0.201,0.1517;
2.9,0.61,0.4596,1.99,0.4596,1.53,-254.1,-87.63,6.024,{'Pass'},0.205,0.155;
3,0.607,0.4574,1.993,0.4574,1.536,-258.8,-86.27,5.933,{'Pass'},0.209,0.1582;
3.1,0.605,0.4554,1.995,0.4554,1.54,-263.3,-84.95,5.847,{'Pass'},0.213,0.1613;
3.2,0.602,0.4537,1.998,0.4537,1.544,-267.6,-83.64,5.768,{'Pass'},0.217,0.1643;
3.3,0.6,0.4522,2,0.4522,1.548,-271.8,-82.37,5.694,{'Pass'},0.22,0.1672;
3.4,0.598,0.4508,2.002,0.4508,1.551,-275.9,-81.14,5.624,{'Pass'},0.224,0.1701;
3.5,0.596,0.4494,2.004,0.4494,1.555,-279.8,-79.95,5.557,{'Pass'},0.227,0.1728;
3.6,0.594,0.4481,2.006,0.4481,1.558,-283.6,-78.79,5.494,{'Pass'},0.231,0.1755;
3.7,0.592,0.4468,2.008,0.4468,1.561,-287.4,-77.67,5.434,{'Pass'},0.234,0.1782;
3.8,0.59,0.4456,2.01,0.4456,1.564,-291,-76.58,5.377,{'Pass'},0.237,0.1808;
3.9,0.588,0.4444,2.012,0.4444,1.568,-294.6,-75.53,5.322,{'Pass'},0.24,0.1833;
4,0.586,0.4433,2.014,0.4433,1.571,-298,-74.5,5.27,{'Pass'},0.243,0.1858;
4.1,0.584,0.4422,2.016,0.4422,1.574,-301.4,-73.51,5.221,{'Pass'},0.246,0.1882;
4.2,0.583,0.4411,2.017,0.4411,1.576,-304.7,-72.54,5.174,{'Pass'},0.249,0.1905;
4.3,0.581,0.4401,2.019,0.4401,1.579,-307.9,-71.59,5.128,{'Pass'},0.252,0.1928;
4.4,0.58,0.4391,2.02,0.4391,1.581,-311,-70.68,5.085,{'Pass'},0.254,0.1951;
4.5,0.578,0.4382,2.022,0.4382,1.584,-314,-69.78,5.043,{'Pass'},0.257,0.1973;
4.6,0.577,0.4373,2.023,0.4373,1.586,-317,-68.92,5.003,{'Pass'},0.26,0.1995;
4.7,0.577,0.4381,2.023,0.4381,1.585,-320.9,-68.27,4.938,{'Pass'},0.263,0.2024;
4.8,0.578,0.4388,2.022,0.4388,1.583,-324.7,-67.65,4.876,{'Pass'},0.266,0.2052;
4.9,0.579,0.4396,2.021,0.4396,1.581,-328.5,-67.03,4.815,{'Pass'},0.27,0.2079;
5,0.579,0.4405,2.021,0.4405,1.58,-332.2,-66.43,4.757,{'Pass'},0.273,0.2107;
];

