%% RRAM MUX data
% Study the impact of prog. trans sizes
rram_mux32_nonisolate_one_level_sweep_wprog_0p5V = [%wprog,delay,leakage,dynamic_power,
1,1.3055e-11,5.234e-08,1.6525e-06,4.2815e-17;
2,1.3735e-11,8.91e-08,1.876e-06,4.979e-17;
3,1.5395e-11,1.239e-07,1.9675e-06,5.559e-17;
];

rram_mux32_nonisolate_one_level_sweep_wprog_0p6V = [%wprog,delay,leakage,dynamic_power,
1,9.9515e-12,5.887e-08,2.9835e-06,6.3055e-17;
2,9.9205e-12,1.056e-07,3.451e-06,7.2215e-17;
3,1.07e-11,1.529e-07,3.7395e-06,8.03e-17;
];

rram_mux32_nonisolate_one_level_sweep_wprog_0p7V = [%wprog,delay,leakage,dynamic_power,
1,8.1865e-12,7.026e-08,4.6855e-06,8.864e-17;
2,8.1645e-12,1.295e-07,5.4465e-06,1.0145e-16;
3,8.6645e-12,1.884e-07,5.8175e-06,1.1132e-16;
];

rram_mux32_nonisolate_two_level_sweep_wprog_0p5V = [%wprog,delay,leakage,dynamic_power,
1,1.7185e-11,6.466e-08,1.6395e-06,5.1985e-17;
2,1.8945e-11,1.123e-07,2.2175e-06,7.076e-17;
3,2.0995e-11,1.598e-07,2.6295e-06,8.986e-17;
];

rram_mux32_nonisolate_two_level_sweep_wprog_0p6V = [%wprog,delay,leakage,dynamic_power,
1,1.323e-11,7.511e-08,2.8675e-06,7.354e-17;
2,1.3145e-11,1.371e-07,3.9415e-06,9.83e-17;
3,1.4435e-11,1.987e-07,4.703e-06,1.2094e-16;
];

rram_mux32_nonisolate_two_level_sweep_wprog_0p7V = [%wprog,delay,leakage,dynamic_power,
1,1.164e-11,9.015e-08,4.4745e-06,1.0117e-16;,
2,1.0739e-11,1.687e-07,6.0155e-06,1.3135e-16;
3,1.1527e-11,2.469e-07,7.3065e-06,1.6265e-16;
];

rram_mux32_nonisolate_multi_level_sweep_wprog_0p5V = [%wprog,delay,leakage,dynamic_power,
1,3.6e-11,1.045e-07,1.11925e-06,5.965e-17;
2,3.713e-11,2.3e-07,1.64005e-06,9.0115e-17;
3,4.2495e-11,2.826e-07,1.9486e-06,1.20865e-16;
];

rram_mux32_nonisolate_multi_level_sweep_wprog_0p6V = [%wprog,delay,leakage,dynamic_power,
1,2.8915e-11,1.109e-07,1.919e-06,8.5435e-17;
2,2.824e-11,2.458e-07,2.928e-06,1.2638e-16;
3,3.091e-11,3.61e-07,3.5835e-06,1.67685e-16;
];

rram_mux32_nonisolate_multi_level_sweep_wprog_0p7V = [%wprog,delay,leakage,dynamic_power,
1,2.6425e-11,1.579e-07,2.977e-06,1.1762e-16;
2,2.455e-11,2.915e-07,4.5945e-06,1.73965e-16;
3,2.6115e-11,4.54e-07,5.7055e-06,2.26e-16;
];

