mdata = [
%vpr_only,LUTs,min_route_chan_width,fix_route_chan_width,Netlistclbblocks:,Finalcriticalpath:,Totallogicdelay:,totalnetdelay:,Totalroutingarea:,Totalusedlogicblockarea:,Totalwirelength:,Packingtook,Placementtook,Routingtook,MaximumSwitchBlockMultiplexersize:,MaximumConnectionBlockMultiplexersize:
{'LU8PEEng'},22675,128,168,2165,398.056,5.82347e-08,3.39821e-07,9.41086e+07,5.2483e+07,569465,330.97,150.63,193.92,26,32;
{'bgm'},32384,128,168,3131,93.0078,1.18438e-08,8.11641e-08,1.31288e+08,4.00118e+07,742278,406.76,216.36,174.88,26,32;
{'blob_merge'},6019,104,140,542,33.8172,6.1352e-09,2.7682e-08,2.09349e+07,6.1723e+06,120379,59.82,25.01,23.77,38,26;
{'boundtop'},3054,84,104,234,25.5865,3.5838e-09,2.20027e-08,6.84004e+06,3.21279e+06,41658,23,11.8,7.42,38,18;
{'ch_intrinsics'},425,72,92,37,12.6164,2.633e-09,9.98344e-09,1.41655e+06,969356,5168,3.29,1.76,1.19,38,18;
{'diffeq1'},485,84,104,37,50.727,1.5565e-08,3.5162e-08,4.20370e+06,2.40136e+06,13315,2.34,4.01,5.23,38,18;
{'diffeq2'},322,72,92,26,42.0357,1.19254e-08,3.01103e-08,3.94776e+06,2.27609e+06,9513,2.11,3.69,4.61,38,18;
{'mkDelayWorker32B'},5595,104,140,446,23.5785,3.4792e-09,2.00993e-08,6.04518e+07,2.8643e+07,156849,68.44,51.76,81.24,38,26;
{'mkPktMerge'},232,64,84,16,14.8569,2.2852e-09,1.25717e-08,1.15112e+07,8.40221e+06,17665,4.23,11.72,12.68,38,16;
{'mkSMAdapter4B'},1977,80,100,165,17.9402,2.7292e-09,1.5211e-08,6.49623e+06,4.61902e+06,35897,18.05,8.9,7.62,38,18;
{'or1200'},3054,104,140,258,32.4378,7.3716e-09,2.50662e-08,1.69294e+07,4.4301e+06,74085,34.8,17.81,16.64,38,26;
{'raygentop'},2147,92,128,176,17.5904,2.8194e-09,1.4771e-08,7.39622e+06,5.32429e+06,37122,22.76,9.53,7.39,38,24;
{'sha'},2277,76,96,209,50.7813,7.92e-09,4.28613e-08,5.88945e+06,2.38009e+06,30835,35.78,7.98,6.39,38,18;
{'stereovision0'},11460,80,100,907,17.3145,2.6952e-09,1.46193e-08,2.36516e+07,1.03289e+07,132489,93.27,45.59,23.31,38,18;
{'stereovision1'},10289,128,168,946,15.5989,3.3272e-09,1.22717e-08,4.53012e+07,2.5821e+07,224455,97.65,53.48,57.74,26,32;
{'stereovision3'},180,48,64,13,8.86018,1.3326e-09,7.52758e-09,448434,148044,1190,0.75,0.62,0.46,25,14;
];
