mdata = [
%vpr_only,LUTs,min_route_chan_width,fix_route_chan_width,Netlistclbblocks:,Finalcriticalpath:,Totallogicdelay:,totalnetdelay:,Totalroutingarea:,Totalusedlogicblockarea:,Totalwirelength:,Packingtook,Placementtook,Routingtook,MaximumSwitchBlockMultiplexersize:,MaximumConnectionBlockMultiplexersize:
{'LU8PEEng'},22675,128,168,2165,409.373,5.88523e-08,3.50521e-07,9.39284e+07,5.2483e+07,564960,324.23,138.63,188.08,25,32;
{'bgm'},32384,128,168,3131,97.801,1.3177e-08,8.46241e-08,1.31035e+08,4.00118e+07,736959,404.52,208.54,183.99,25,32;
{'blob_merge'},6019,112,148,542,33.3772,6.1352e-09,2.7242e-08,2.17139e+07,6.1723e+06,120008,61.02,25.97,24.82,37,26;
{'boundtop'},3054,84,104,234,26.4465,3.5838e-09,2.28627e-08,6.79664e+06,3.21279e+06,41991,22.24,11.67,7.38,37,18;
{'ch_intrinsics'},425,64,84,37,11.9572,2.1138e-09,9.84344e-09,1.24497e+06,969356,5628,3.01,1.73,1.16,37,16;
{'diffeq1'},485,88,108,37,50.2781,1.5396e-08,3.4882e-08,4.48046e+06,2.40136e+06,13037,2.29,3.96,4.99,37,22;
{'diffeq2'},322,64,84,26,45.568,1.21418e-08,3.34262e-08,3.47133e+06,2.27609e+06,10128,2.2,3.81,4.83,37,16;
{'mkDelayWorker32B'},5595,104,140,446,24.2228,3.5318e-09,2.0691e-08,6.04419e+07,2.8643e+07,156536,70.54,52.62,71.67,37,26;
{'mkPktMerge'},232,64,84,16,15.8769,2.2852e-09,1.35917e-08,1.15097e+07,8.40221e+06,17451,4.23,11.83,10.85,37,16;
{'mkSMAdapter4B'},1977,80,100,165,19.5202,2.7292e-09,1.6791e-08,6.49625e+06,4.61902e+06,36327,19.59,9.32,7.12,37,18;
{'or1200'},3054,104,140,258,34.3178,7.3716e-09,2.69462e-08,1.69268e+07,4.4301e+06,73185,35.69,18.05,17.74,37,26;
{'raygentop'},2147,92,128,176,17.5904,2.8194e-09,1.4771e-08,7.34753e+06,5.32429e+06,38038,24.63,9.77,8.93,37,24;
{'sha'},2277,76,96,209,49.7873,7.926e-09,4.18613e-08,5.88600e+06,2.38009e+06,30298,35.71,7.75,6.49,37,18;
{'stereovision0'},11460,84,104,907,17.0145,2.6952e-09,1.43193e-08,2.47323e+07,1.03289e+07,126031,95.83,46.53,25.39,37,18;
{'stereovision1'},10289,128,168,946,16.3249,3.3332e-09,1.29917e-08,4.52182e+07,2.5821e+07,220171,99.16,51.05,56.58,25,32;
{'stereovision3'},180,48,64,13,9.35638,1.6888e-09,7.66758e-09,448308,148044,1156,0.75,0.69,0.42,25,14;
];
