mdata = [
%vpr_only,LUTs,min_route_chan_width,fix_route_chan_width,Netlistclbblocks:,Finalcriticalpath:,Totallogicdelay:,totalnetdelay:,Totalroutingarea:,Totalusedlogicblockarea:,Totalwirelength:,Packingtook,Placementtook,Routingtook,MaximumSwitchBlockMultiplexersize:,MaximumConnectionBlockMultiplexersize:
{'LU8PEEng'},22675,128,168,2165,410.084,5.94269e-08,3.50657e-07,9.39308e+07,5.2483e+07,564723,318.55,150.76,181.6,25,32;
{'bgm'},32384,128,168,3131,96.8151,1.3171e-08,8.36441e-08,1.31038e+08,4.00118e+07,737962,400.68,209.76,185.15,25,32;
{'blob_merge'},6019,104,140,542,33.5172,6.1352e-09,2.7382e-08,2.09318e+07,6.1723e+06,120472,61.06,25.36,24.72,37,26;
{'boundtop'},3054,84,104,234,26.5865,3.5838e-09,2.30027e-08,6.79555e+06,3.21279e+06,41715,22.41,11.54,7.69,37,18;
{'ch_intrinsics'},425,64,84,37,12.7062,2.2828e-09,1.04234e-08,1.24500e+06,969356,5433,2.95,1.76,1.08,37,16;
{'diffeq1'},485,92,128,37,48.9781,1.5396e-08,3.35821e-08,4.99165e+06,2.40136e+06,12591,2.31,4.03,5.58,37,24;
{'diffeq2'},322,64,84,26,43.7557,1.19254e-08,3.18303e-08,3.47145e+06,2.27609e+06,10168,2.14,3.69,4.46,37,16;
{'mkDelayWorker32B'},5595,104,140,446,24.8028,3.5318e-09,2.1271e-08,6.04390e+07,2.8643e+07,157799,68.88,52.5,70.64,37,26;
{'mkPktMerge'},232,64,84,16,15.4369,2.2852e-09,1.31517e-08,1.15094e+07,8.40221e+06,17327,4.19,11.81,11.46,37,16;
{'mkSMAdapter4B'},1977,80,100,165,20.3742,2.7232e-09,1.7651e-08,6.49578e+06,4.61902e+06,36122,19.62,8.98,7.18,37,18;
{'or1200'},3054,96,132,258,34.4578,7.3716e-09,2.70862e-08,1.58177e+07,4.4301e+06,73509,35.37,18.16,16.8,37,24;
{'raygentop'},2147,92,128,176,17.5904,2.8194e-09,1.4771e-08,7.35473e+06,5.32429e+06,37673,24.7,9.86,8.17,37,24;
{'sha'},2277,76,96,209,50.0175,8.0162e-09,4.20013e-08,5.88642e+06,2.38009e+06,30491,35.37,7.89,5.97,37,18;
{'stereovision0'},11460,80,100,907,17.2806,2.8054e-09,1.44752e-08,2.36464e+07,1.03289e+07,133320,95.18,46.8,23.82,37,18;
{'stereovision1'},10289,128,168,946,16.3249,3.3332e-09,1.29917e-08,4.52198e+07,2.5821e+07,221086,95.47,49.76,56.54,25,32;
{'stereovision3'},180,48,64,13,11.0964,1.6888e-09,9.40758e-09,448434,148044,1163,0.71,0.67,0.38,25,14;
];
