mdata = [
%vpr_only,LUTs,min_route_chan_width,fix_route_chan_width,Netlistclbblocks:,Finalcriticalpath:,Totallogicdelay:,totalnetdelay:,Totalroutingarea:,Totalusedlogicblockarea:,Totalwirelength:,Packingtook,Placementtook,Routingtook,MaximumSwitchBlockMultiplexersize:,MaximumConnectionBlockMultiplexersize:
{'LU8PEEng'},22675,128,168,2165,398.967,5.83291e-08,3.40638e-07,9.39071e+07,5.2483e+07,568987,324.23,147.21,192.96,25,32;
{'bgm'},32384,128,168,3131,96.8878,1.18438e-08,8.50441e-08,1.31009e+08,4.00118e+07,735204,397.79,215.96,191.01,25,32;
{'blob_merge'},6019,112,148,542,34.0972,6.1352e-09,2.7962e-08,2.17223e+07,6.1723e+06,119314,59.89,25.94,25.02,37,26;
{'boundtop'},3054,84,104,234,25.5865,3.5838e-09,2.20027e-08,6.80109e+06,3.21279e+06,41364,23.94,11.64,7.2,37,18;
{'ch_intrinsics'},425,72,92,37,12.6164,2.633e-09,9.98344e-09,1.41568e+06,969356,5185,3,1.8,1.17,37,18;
{'diffeq1'},485,84,104,37,50.5581,1.5396e-08,3.5162e-08,4.18243e+06,2.40136e+06,13183,2.3,3.93,5.17,37,18;
{'diffeq2'},322,72,92,26,40.8757,1.19254e-08,2.89503e-08,3.95073e+06,2.27609e+06,9608,2.16,3.68,4.39,37,18;
{'mkDelayWorker32B'},5595,104,140,446,23.5785,3.4792e-09,2.00993e-08,6.04200e+07,2.8643e+07,155616,68.92,53.55,81.22,37,26;
{'mkPktMerge'},232,64,84,16,14.8569,2.2852e-09,1.25717e-08,1.15130e+07,8.40221e+06,17794,4.02,11.44,13.33,37,16;
{'mkSMAdapter4B'},1977,84,104,165,18.3764,2.4612e-09,1.59152e-08,6.80109e+06,4.61902e+06,34198,18.59,8.89,8.13,37,18;
{'or1200'},3054,104,140,258,32.6603,8.90579e-09,2.37545e-08,1.69199e+07,4.4301e+06,73792,34.99,18.01,18.25,37,26;
{'raygentop'},2147,92,128,176,17.5904,2.8194e-09,1.4771e-08,7.35195e+06,5.32429e+06,37270,24.2,9.3,7.36,37,24;
{'sha'},2277,76,96,209,50.9213,7.92e-09,4.30013e-08,5.87879e+06,2.38009e+06,30617,35.3,7.79,6.21,37,18;
{'stereovision0'},11460,80,100,907,17.4545,2.6952e-09,1.47593e-08,2.36479e+07,1.03289e+07,132211,95.02,47.19,22.04,37,18;
{'stereovision1'},10289,128,168,946,14.8849,3.3332e-09,1.15517e-08,4.52282e+07,2.5821e+07,223309,94.4,51.74,57.96,25,32;
{'stereovision3'},180,48,64,13,8.49638,1.6888e-09,6.80758e-09,447702,148044,1134,0.77,0.64,0.37,25,14;
];
