mdata = [
%vpr_only,LUTs,min_route_chan_width,fix_route_chan_width,Netlistclbblocks:,Finalcriticalpath:,Totallogicdelay:,totalnetdelay:,Totalroutingarea:,Totalusedlogicblockarea:,Totalwirelength:,Packingtook,Placementtook,Routingtook,MaximumSwitchBlockMultiplexersize:,MaximumConnectionBlockMultiplexersize:
{'LU8PEEng'},22675,128,168,2165,408.224,5.7519e-08,3.50705e-07,9.41042e+07,5.2483e+07,562970,321.02,140.02,186.52,26,32;
{'bgm'},32384,128,168,3131,95.2628,1.33588e-08,8.19041e-08,1.31283e+08,4.00118e+07,734893,394.99,213.62,179.97,26,32;
{'blob_merge'},6019,112,148,542,32.0772,6.1352e-09,2.5942e-08,2.18065e+07,6.1723e+06,121870,59.83,25.17,26.58,38,26;
{'boundtop'},3054,84,104,234,25.1465,3.5838e-09,2.15627e-08,6.83934e+06,3.21279e+06,41298,21.88,11.79,7.21,38,18;
{'ch_intrinsics'},425,72,92,37,12.0972,2.1138e-09,9.98344e-09,1.41625e+06,969356,5388,3.01,1.75,1.16,38,18;
{'diffeq1'},485,92,128,37,49.287,1.5565e-08,3.3722e-08,5.01678e+06,2.40136e+06,12452,2.32,3.9,5.25,38,24;
{'diffeq2'},322,64,84,26,41.248,1.21418e-08,2.91062e-08,3.47107e+06,2.27609e+06,9924,2.11,3.97,4.73,38,16;
{'mkDelayWorker32B'},5595,104,140,446,25.4083,3.129e-09,2.22793e-08,6.04473e+07,2.8643e+07,157316,68.08,53.91,75.94,38,26;
{'mkPktMerge'},232,72,92,16,13.6969,2.2852e-09,1.14117e-08,1.30968e+07,8.40221e+06,18055,4.42,11.65,11.09,38,18;
{'mkSMAdapter4B'},1977,84,104,165,17.1462,2.371e-09,1.47752e-08,6.83934e+06,4.61902e+06,34190,19.15,9.03,7.94,38,18;
{'or1200'},3054,104,140,258,34.3178,7.3716e-09,2.69462e-08,1.69272e+07,4.4301e+06,73164,35.17,18.2,18.61,38,26;
{'raygentop'},2147,92,128,176,18.3104,2.8194e-09,1.5491e-08,7.39448e+06,5.32429e+06,37249,22.03,9.69,8.4,38,24;
{'sha'},2277,80,100,209,50.9213,7.92e-09,4.30013e-08,5.88656e+06,2.38009e+06,31092,35.13,8.1,6.05,38,18;
{'stereovision0'},11460,84,104,907,17.1406,2.8054e-09,1.43352e-08,2.49010e+07,1.03289e+07,124681,94.21,47.01,23.91,38,18;
{'stereovision1'},10289,128,168,946,15.9049,3.3332e-09,1.25717e-08,4.52990e+07,2.5821e+07,220140,97.53,51.11,56.96,26,32;
{'stereovision3'},180,48,64,13,9.35638,1.6888e-09,7.66758e-09,448314,148044,1230,0.77,0.66,0.37,25,14;
];
