mdata = [
%vpr_only,LUTs,min_route_chan_width,fix_route_chan_width,Netlistclbblocks:,Finalcriticalpath:,Totallogicdelay:,totalnetdelay:,Totalroutingarea:,Totalusedlogicblockarea:,Totalwirelength:,Packingtook,Placementtook,Routingtook,MaximumSwitchBlockMultiplexersize:,MaximumConnectionBlockMultiplexersize:
{'LU8PEEng'},22675,128,168,2165,406.302,5.62362e-08,3.50066e-07,9.39077e+07,5.2483e+07,559670,326.54,141.56,178.01,25,32;
{'bgm'},32384,128,168,3131,97.1428,1.33588e-08,8.37841e-08,1.31010e+08,4.00118e+07,733334,397.62,204.7,169.36,25,32;
{'blob_merge'},6019,112,148,542,32.0772,6.1352e-09,2.5942e-08,2.17038e+07,6.1723e+06,120790,59.12,25.33,24.8,37,26;
{'boundtop'},3054,84,104,234,25.0065,3.5838e-09,2.14227e-08,6.80227e+06,3.21279e+06,41172,23.58,11.59,7.81,37,18;
{'ch_intrinsics'},425,72,92,37,12.0972,2.1138e-09,9.98344e-09,1.41639e+06,969356,5320,3.01,1.72,1.29,37,18;
{'diffeq1'},485,96,132,37,53.0241,1.5402e-08,3.76221e-08,5.09178e+06,2.40136e+06,12826,2.31,4,5.76,37,24;
{'diffeq2'},322,68,88,26,42.6247,1.20944e-08,3.05303e-08,3.79281e+06,2.27609e+06,9828,2.13,3.7,5.1,37,18;
{'mkDelayWorker32B'},5595,104,140,446,24.8283,3.129e-09,2.16993e-08,6.04272e+07,2.8643e+07,157013,68.07,53.85,79.37,37,26;
{'mkPktMerge'},232,72,92,16,13.1169,2.2852e-09,1.08317e-08,1.31044e+07,8.40221e+06,17926,4.11,11.58,13.05,37,18;
{'mkSMAdapter4B'},1977,84,104,165,18.0062,2.371e-09,1.56352e-08,6.80227e+06,4.61902e+06,34128,18.9,9.17,7.71,37,18;
{'or1200'},3054,104,140,258,34.1778,7.3716e-09,2.68062e-08,1.69222e+07,4.4301e+06,73236,35.1,18.77,17.74,37,26;
{'raygentop'},2147,92,128,176,18.1704,2.8194e-09,1.5351e-08,7.34509e+06,5.32429e+06,37564,23.03,9.62,8.4,37,24;
{'sha'},2277,80,100,209,50.9213,7.92e-09,4.30013e-08,5.88738e+06,2.38009e+06,31538,36.6,7.98,5.76,37,18;
{'stereovision0'},11460,84,104,907,17.8606,2.8054e-09,1.50552e-08,2.47333e+07,1.03289e+07,124111,92.76,46.62,22.46,37,18;
{'stereovision1'},10289,128,168,946,15.9049,3.3332e-09,1.25717e-08,4.52286e+07,2.5821e+07,219287,96.42,51.83,58.22,25,32;
{'stereovision3'},180,48,64,13,10.6564,1.6888e-09,8.96758e-09,447840,148044,1250,0.78,0.69,0.4,25,14;
];
