mdata = [
%vpr_only,LUTs,min_route_chan_width,fix_route_chan_width,Netlistclbblocks:,Finalcriticalpath:,Totallogicdelay:,totalnetdelay:,Totalroutingarea:,Totalusedlogicblockarea:,Totalwirelength:,Packingtook,Placementtook,Routingtook,MaximumSwitchBlockMultiplexersize:,MaximumConnectionBlockMultiplexersize:
{'LU8PEEng'},22675,128,168,2165,411.61,5.89485e-08,3.52661e-07,9.40154e+07,5.2483e+07,565903,329.65,149.87,184.66,26,32;
{'bgm'},32384,128,168,3131,99.0509,1.28268e-08,8.62241e-08,1.31178e+08,4.00118e+07,738242,400.19,217.22,182.47,26,32;
{'blob_merge'},6019,104,140,542,33.5172,6.1352e-09,2.7382e-08,2.09040e+07,6.1723e+06,120284,60.33,26.49,25.26,38,26;
{'boundtop'},3054,84,104,234,26.1665,3.5838e-09,2.25827e-08,6.83414e+06,3.21279e+06,42339,23.27,11.61,6.75,38,18;
{'ch_intrinsics'},425,64,84,37,13.0564,2.633e-09,1.04234e-08,1.24232e+06,969356,5602,2.98,1.72,1.01,38,16;
{'diffeq1'},485,84,104,37,51.1381,1.5396e-08,3.57421e-08,4.19928e+06,2.40136e+06,13414,2.34,4.01,5.36,38,18;
{'diffeq2'},322,64,84,26,42.1757,1.19254e-08,3.02503e-08,3.46820e+06,2.27609e+06,10093,2.12,3.74,4.7,38,16;
{'mkDelayWorker32B'},5595,104,140,446,24.9628,3.5318e-09,2.1431e-08,6.03951e+07,2.8643e+07,158746,69.6,52.97,68.83,38,26;
{'mkPktMerge'},232,64,84,16,15.4369,2.2852e-09,1.31517e-08,1.15050e+07,8.40221e+06,17478,4.24,11.65,11.04,38,16;
{'mkSMAdapter4B'},1977,80,100,165,19.5202,2.7292e-09,1.6791e-08,6.48850e+06,4.61902e+06,36465,17.8,9.22,7.48,38,18;
{'or1200'},3054,104,140,258,34.4578,7.3716e-09,2.70862e-08,1.69029e+07,4.4301e+06,72958,35.96,18.4,17.48,38,26;
{'raygentop'},2147,92,128,176,17.5904,2.8194e-09,1.4771e-08,7.37047e+06,5.32429e+06,37918,23.79,9.77,8.74,38,24;
{'sha'},2277,76,96,209,50.0175,8.0162e-09,4.20013e-08,5.87154e+06,2.38009e+06,30544,35.61,8.08,6.22,38,18;
{'stereovision0'},11460,84,104,907,16.7345,2.6952e-09,1.40393e-08,2.48873e+07,1.03289e+07,126978,94.72,46.19,26.82,38,18;
{'stereovision1'},10289,128,168,946,16.3249,3.3332e-09,1.29917e-08,4.52557e+07,2.5821e+07,221290,96.42,51.6,56.67,26,32;
{'stereovision3'},180,48,64,13,9.21638,1.6888e-09,7.52758e-09,446130,148044,1180,0.75,0.78,0.4,25,14;
];
