mdata = [
%vpr_only,LUTs,min_route_chan_width,fix_route_chan_width,Netlistclbblocks:,Finalcriticalpath:,Totallogicdelay:,totalnetdelay:,Totalroutingarea:,Totalusedlogicblockarea:,Totalwirelength:,Packingtook,Placementtook,Routingtook,MaximumSwitchBlockMultiplexersize:,MaximumConnectionBlockMultiplexersize:
{'LU8PEEng'},22675,128,168,2165,396.139,5.81824e-08,3.37957e-07,9.39072e+07,5.2483e+07,567266,326.6,147.82,198.02,25,32;
{'bgm'},32384,128,168,3131,93.0078,1.18438e-08,8.11641e-08,1.31009e+08,4.00118e+07,736954,399.07,229.46,176.79,25,32;
{'blob_merge'},6019,104,140,542,33.9572,6.1352e-09,2.7822e-08,2.09251e+07,6.1723e+06,119318,60.37,25.67,25.49,37,26;
{'boundtop'},3054,84,104,234,25.7265,3.5838e-09,2.21427e-08,6.80223e+06,3.21279e+06,41342,22.35,11.9,7.16,37,18;
{'ch_intrinsics'},425,72,92,37,12.4764,2.633e-09,9.84344e-09,1.41611e+06,969356,5250,2.86,1.69,1.23,37,18;
{'diffeq1'},485,88,108,37,49.1471,1.5565e-08,3.35821e-08,4.48426e+06,2.40136e+06,12994,2.32,3.95,5.13,37,22;
{'diffeq2'},322,72,92,26,41.5957,1.19254e-08,2.96703e-08,3.95118e+06,2.27609e+06,9576,2.12,3.69,4.66,37,18;
{'mkDelayWorker32B'},5595,104,140,446,23.5785,3.4792e-09,2.00993e-08,6.04274e+07,2.8643e+07,154846,69.43,53.68,83.19,37,26;
{'mkPktMerge'},232,64,84,16,14.8569,2.2852e-09,1.25717e-08,1.15146e+07,8.40221e+06,17596,4.14,11.6,12.92,37,16;
{'mkSMAdapter4B'},1977,84,104,165,18.0802,2.7292e-09,1.5351e-08,6.80223e+06,4.61902e+06,34120,17.9,9.07,8.42,37,18;
{'or1200'},3054,104,140,258,32.5203,8.90579e-09,2.36145e-08,1.69220e+07,4.4301e+06,73932,35.14,18.2,17.17,37,26;
{'raygentop'},2147,92,128,176,17.5904,2.8194e-09,1.4771e-08,7.34549e+06,5.32429e+06,37140,22.9,9.5,7.82,37,24;
{'sha'},2277,76,96,209,50.9213,7.92e-09,4.30013e-08,5.88027e+06,2.38009e+06,30531,36.08,8.15,5.52,37,18;
{'stereovision0'},11460,80,100,907,16.8745,2.6952e-09,1.41793e-08,2.36493e+07,1.03289e+07,131481,94.88,48.58,22.31,37,18;
{'stereovision1'},10289,128,168,946,15.1649,3.3332e-09,1.18317e-08,4.52273e+07,2.5821e+07,223573,97.28,54.53,56.37,25,32;
{'stereovision3'},180,32,48,13,9.21638,1.6888e-09,7.52758e-09,356808,148044,1258,0.7,0.63,0.28,25,10;
];
