mdata = [
%vpr_only,LUTs,min_route_chan_width,fix_route_chan_width,Netlistclbblocks:,Finalcriticalpath:,Totallogicdelay:,totalnetdelay:,Totalroutingarea:,Totalusedlogicblockarea:,Totalwirelength:,Packingtook,Placementtook,Routingtook,MaximumSwitchBlockMultiplexersize:,MaximumConnectionBlockMultiplexersize:
{'LU8PEEng'},22675,128,168,2165,410.84,5.81553e-08,3.52685e-07,9.39084e+07,5.2483e+07,561571,319.39,144.89,183.62,25,32;
{'bgm'},32384,128,168,3131,95.0285,1.19962e-08,8.30323e-08,1.31011e+08,4.00118e+07,732256,405.21,219.84,174.97,25,32;
{'blob_merge'},6019,112,148,542,32.0772,6.1352e-09,2.5942e-08,2.17215e+07,6.1723e+06,121298,59.16,25.33,25.19,37,26;
{'boundtop'},3054,84,104,234,25.1525,3.5898e-09,2.15627e-08,6.80080e+06,3.21279e+06,41265,22.41,11.54,7.79,37,18;
{'ch_intrinsics'},425,72,92,37,12.0972,2.1138e-09,9.98344e-09,1.41622e+06,969356,5437,2.96,1.7,1.27,37,18;
{'diffeq1'},485,92,128,37,52.1671,1.5565e-08,3.6602e-08,4.99462e+06,2.40136e+06,12569,2.33,3.99,5.87,37,24;
{'diffeq2'},322,64,84,26,41.1847,1.20944e-08,2.90903e-08,3.47341e+06,2.27609e+06,9875,2.12,3.67,4.57,37,16;
{'mkDelayWorker32B'},5595,104,140,446,24.1083,3.129e-09,2.09793e-08,6.04228e+07,2.8643e+07,156415,68.32,53.95,76.57,37,26;
{'mkPktMerge'},232,64,84,16,13.8369,2.2852e-09,1.15517e-08,1.15124e+07,8.40221e+06,18582,4.06,11.35,12.28,37,16;
{'mkSMAdapter4B'},1977,84,104,165,17.27,2.639e-09,1.4631e-08,6.80080e+06,4.61902e+06,34141,17.74,9.1,8.21,37,18;
{'or1200'},3054,104,140,258,35.1778,7.3716e-09,2.78062e-08,1.69212e+07,4.4301e+06,73258,35.78,18.41,17.22,37,26;
{'raygentop'},2147,92,128,176,18.1704,2.8194e-09,1.5351e-08,7.35182e+06,5.32429e+06,37545,23,9.5,8.23,37,24;
{'sha'},2277,76,96,209,50.3413,7.92e-09,4.24213e-08,5.87959e+06,2.38009e+06,29955,36.06,8.06,5.67,37,18;
{'stereovision0'},11460,80,100,907,17.7206,2.8054e-09,1.49152e-08,2.36480e+07,1.03289e+07,130737,92.56,47.51,21.64,37,18;
{'stereovision1'},10289,128,168,946,15.9049,3.3332e-09,1.25717e-08,4.52275e+07,2.5821e+07,220130,96.01,52.18,60.05,25,32;
{'stereovision3'},180,48,64,13,10.5662,1.5986e-09,8.96758e-09,447918,148044,1250,0.86,0.81,0.44,25,14;
];
