mdata = [
%standard,LUTs,min_route_chan_width,fix_route_chan_width,Netlistclbblocks:,Finalcriticalpath:,Totallogicdelay:,totalnetdelay:,Totalroutingarea:,Totalusedlogicblockarea:,Totalwirelength:,Packingtook,Placementtook,Routingtook,MaximumSwitchBlockMultiplexersize:,MaximumConnectionBlockMultiplexersize:
{'alu4'},500,64,84,42,16.8883,1.849e-09,1.50393e-08,1.07081e+06,478296,5108,5.05,1.2,1.19,27,16;
{'apex2'},659,92,128,53,18.0442,2.129e-09,1.59152e-08,1.96945e+06,603564,9309,5.2,1.63,1.94,27,24;
{'apex4'},592,92,128,53,18.5042,1.869e-09,1.66352e-08,1.96945e+06,603564,9083,5.3,1.6,1.89,27,24;
{'bigkey'},571,56,72,52,11.5772,1.1696e-09,1.04076e-08,3.37766e+06,592176,8774,3.01,4.2,2.8,25,12;
{'clma'},1061,100,136,85,19.8884,3.0974e-09,1.6791e-08,3.04477e+06,967980,14953,8.32,3.09,2.99,27,24;
{'des'},827,72,92,68,16.8484,2.2132e-09,1.46352e-08,5.74084e+06,774384,15771,5.19,5.64,4.22,27,18;
{'diffeq'},470,64,84,42,15.8226,2.7874e-09,1.30352e-08,1.07081e+06,478296,5070,8.41,1.28,0.84,27,16;
{'dsip'},681,56,72,59,12.0614,1.5138e-09,1.05476e-08,3.37766e+06,671892,12033,11.77,4.56,2.53,25,12;
{'elliptic'},100,28,44,8,9.52024,1.6968e-09,7.82344e-09,143934,91104,360,1.4,0.22,0.11,25,8;
{'ex1010'},653,108,144,62,16.7483,1.849e-09,1.48993e-08,2.20585e+06,706056,10102,6.4,1.65,2.2,27,26;
{'ex5p'},386,84,104,30,15.8001,1.4808e-09,1.43193e-08,977875,341640,4800,2.89,0.98,1,27,18;
{'frisc'},1755,128,168,158,31.7867,4.5722e-09,2.72145e-08,6.32348e+06,1.7993e+06,30092,32.19,5.48,5.82,19,32;
{'misex3'},418,72,92,34,15.5778,1.6826e-09,1.38952e-08,924396,387192,4050,3.5,0.92,0.9,27,18;
{'pdc'},1408,128,168,117,22.5903,2.6034e-09,1.99869e-08,4.61631e+06,1.3324e+06,24446,12.48,3.52,4.93,19,32;
{'s298'},18,16,16,2,7.96486,1.69e-10,7.79586e-09,38466.0,22776,99,0.08,0.11,0.03,23,4;
{'s38417'},2185,80,100,183,16.7844,2.4492e-09,1.43352e-08,4.49482e+06,2.084e+06,24161,22.42,6.56,3.89,27,18;
{'s38584.1'},2054,108,144,167,17.0094,2.3942e-09,1.46152e-08,5.45143e+06,1.9018e+06,23474,18.75,6.64,4.65,27,26;
{'seq'},681,92,128,58,17.114,1.7788e-09,1.53352e-08,1.96945e+06,660504,10007,5.52,1.75,1.92,27,24;
{'spla'},1376,140,180,112,23.8986,2.9276e-09,2.0971e-08,4.63425e+06,1.27546e+06,26673,11.8,3.58,5.15,19,30;
{'tseng'},654,80,100,46,16.3862,2.631e-09,1.37552e-08,1.23585e+06,523848,5752,7.77,1.6,1.13,27,18;
];
