mdata = [
%standard,LUTs,fix_route_chan_width,Netlistclbblocks:,Finalcriticalpath:,Totallogicdelay:,totalnetdelay:,Totalroutingarea:,Totalusedlogicblockarea:,Totalwirelength:,Packingtook,Placementtook,Routingtook,MaximumSwitchBlockMultiplexersize:,MaximumConnectionBlockMultiplexersize:
{'alu4'},500,320,42,15.4,1.7848e-09,1.36152e-08,2.64084e+06,478296,5702,4.7,1.55,2.34,19,56;
{'apex2'},659,320,53,17.8982,2.123e-09,1.57752e-08,3.34262e+06,603564,11087,5.24,2.11,3.55,19,56;
{'apex4'},592,320,53,17.9884,2.2132e-09,1.57752e-08,3.34262e+06,603564,10381,5.34,2.11,3.48,19,56;
{'bigkey'},571,320,52,11.5772,1.1696e-09,1.04076e-08,1.48959e+07,592176,10933,3.14,8.35,12.59,19,56;
{'clma'},1061,320,85,19.0048,3.5138e-09,1.5491e-08,4.99357e+06,967980,16417,8.18,3.8,5.19,19,56;
{'des'},827,320,68,16.9122,1.857e-09,1.50552e-08,1.99700e+07,774384,20599,5.1,11.17,17.17,19,56;
{'diffeq'},470,320,42,15.2426,2.7874e-09,1.24552e-08,2.64084e+06,478296,5167,8.27,1.59,2.15,19,56;
{'dsip'},681,320,59,10.761,1.0734e-09,9.68758e-09,1.48959e+07,671892,14627,11.56,8.53,12.49,19,56;
{'elliptic'},100,320,8,8.97458,2.027e-09,6.94758e-09,658368,91104,381,1.41,0.31,0.42,19,56;
{'ex1010'},653,320,62,17.414,1.7788e-09,1.56352e-08,3.34262e+06,706056,11637,6.72,2.11,3.57,19,56;
{'ex5p'},386,320,30,15.0861,1.4868e-09,1.35993e-08,2.02153e+06,341640,5177,3.11,1.27,1.95,19,56;
{'frisc'},1755,320,158,25.9429,4.9284e-09,2.10145e-08,8.08847e+06,1.7993e+06,33692,31.45,6.94,9.75,19,56;
{'misex3'},418,320,34,15.0322,1.857e-09,1.31752e-08,2.02153e+06,387192,4726,3.27,1.17,1.78,19,56;
{'pdc'},1408,320,117,23.1563,2.6094e-09,2.05469e-08,5.94274e+06,1.3324e+06,28204,11.51,4.34,7.45,19,56;
{'s298'},18,320,2,3.59646,1.2806e-09,2.31586e-09,368910,22776,52,0.11,0.17,0.25,19,56;
{'s38417'},2185,320,183,16.2044,2.4492e-09,1.37552e-08,9.28504e+06,2.084e+06,24235,22.06,7.72,8.92,19,56;
{'s38584.1'},2054,320,167,17.0094,2.3942e-09,1.46152e-08,1.05641e+07,1.9018e+06,27266,18.27,8.7,10.38,19,56;
{'seq'},681,320,58,17.7842,1.869e-09,1.59152e-08,3.34262e+06,660504,11535,5.96,2.28,3.33,19,56;
{'spla'},1376,320,112,23.3382,2.5072e-09,2.0831e-08,5.94274e+06,1.27546e+06,29201,11.71,4.41,7.36,19,56;
{'tseng'},654,320,46,16.7006,2.8054e-09,1.38952e-08,3.34262e+06,523848,6190,7.78,2.34,2.8,19,56;
];
