mdata = [
%standard,LUTs,fix_route_chan_width,Netlistclbblocks:,Finalcriticalpath:,Totallogicdelay:,totalnetdelay:,Totalroutingarea:,Totalusedlogicblockarea:,Totalwirelength:,Packingtook,Placementtook,Routingtook,MaximumSwitchBlockMultiplexersize:,MaximumConnectionBlockMultiplexersize:
{'alu4'},500,320,42,15.7642,1.869e-09,1.38952e-08,2.63688e+06,478296,5816,4.8,1.55,2.37,19,56;
{'apex2'},659,320,53,19.7562,2.2452e-09,1.7511e-08,3.33800e+06,603564,10718,5.29,2.13,3.63,19,56;
{'apex4'},592,320,53,18.1284,2.2132e-09,1.59152e-08,3.33800e+06,603564,10622,5.4,2.09,3.46,19,56;
{'bigkey'},571,320,52,10.7172,1.1696e-09,9.54758e-09,1.48847e+07,592176,11245,3.03,8.15,12.23,19,56;
{'clma'},1061,320,85,18.5446,3.1936e-09,1.5351e-08,4.98763e+06,967980,16053,8.31,3.83,5.13,19,56;
{'des'},827,320,68,17.2441,1.7648e-09,1.54793e-08,1.99568e+07,774384,20530,5.04,11.22,16.98,19,56;
{'diffeq'},470,320,42,16.6826,2.7874e-09,1.38952e-08,2.63688e+06,478296,5434,8.34,1.66,2.24,19,56;
{'dsip'},681,320,59,10.6214,1.5138e-09,9.10758e-09,1.48847e+07,671892,14089,11.23,8.32,12.5,19,56;
{'elliptic'},100,320,8,10.2402,1.6968e-09,8.54344e-09,657048,91104,358,1.7,0.34,0.41,19,56;
{'ex1010'},653,320,62,16.3442,1.869e-09,1.44752e-08,3.33800e+06,706056,11621,6.85,2.15,3.6,19,56;
{'ex5p'},386,320,30,14.5121,1.4928e-09,1.30193e-08,2.01823e+06,341640,5317,3.16,1.21,1.91,19,56;
{'frisc'},1755,320,158,27.3829,4.9284e-09,2.24545e-08,8.08055e+06,1.7993e+06,33592,31.39,6.87,9.26,19,56;
{'misex3'},418,320,34,15.4378,1.6826e-09,1.37552e-08,2.01823e+06,387192,4675,3.58,1.2,1.76,19,56;
{'pdc'},1408,320,117,23.1563,2.6094e-09,2.05469e-08,5.93614e+06,1.3324e+06,27989,11.61,4.47,7.6,19,56;
{'s298'},18,320,2,3.92486,1.69e-10,3.75586e-09,368250,22776,54,0.07,0.17,0.25,19,56;
{'s38417'},2185,320,183,16.3444,2.4492e-09,1.38952e-08,9.27646e+06,2.084e+06,24453,21.43,7.86,8.85,19,56;
{'s38584.1'},2054,320,167,15.2132,2.038e-09,1.31752e-08,1.05548e+07,1.9018e+06,27001,18.33,9.56,10.4,19,56;
{'seq'},681,320,58,17.0642,1.869e-09,1.51952e-08,3.33800e+06,660504,11644,5.51,2.19,3.41,19,56;
{'spla'},1376,320,112,25.3103,2.6034e-09,2.27069e-08,5.93614e+06,1.27546e+06,29006,12.03,4.39,7.7,19,56;
{'tseng'},654,320,46,16.7006,2.8054e-09,1.38952e-08,3.33800e+06,523848,6263,8.13,2.32,2.75,19,56;
];
