mdata = [
%standard,LUTs,fix_route_chan_width,Netlistclbblocks:,Finalcriticalpath:,Totallogicdelay:,totalnetdelay:,Totalroutingarea:,Totalusedlogicblockarea:,Totalwirelength:,Packingtook,Placementtook,Routingtook,MaximumSwitchBlockMultiplexersize:,MaximumConnectionBlockMultiplexersize:
{'alu4'},500,320,42,15.6102,2.135e-09,1.34752e-08,2.62659e+06,478296,5755,4.75,1.53,2.38,20,56;
{'apex2'},659,320,53,18.1702,2.2392e-09,1.5931e-08,3.32599e+06,603564,10977,5.25,2.12,3.5,20,56;
{'apex4'},592,320,53,17.9884,2.2132e-09,1.57752e-08,3.32599e+06,603564,10687,5.49,2.06,3.43,20,56;
{'bigkey'},571,320,52,10.7172,1.1696e-09,9.54758e-09,1.48555e+07,592176,11198,3.44,8.21,12.29,20,56;
{'clma'},1061,320,85,18.9024,2.9872e-09,1.59152e-08,4.97219e+06,967980,16508,8.11,3.8,5.35,20,56;
{'des'},827,320,68,16.9122,1.857e-09,1.50552e-08,1.99225e+07,774384,20954,5.37,11.26,17.52,20,56;
{'diffeq'},470,320,42,15.2426,2.7874e-09,1.24552e-08,2.62659e+06,478296,5143,8.43,1.64,2.19,20,56;
{'dsip'},681,320,59,10.7052,1.1576e-09,9.54758e-09,1.48555e+07,671892,14791,11.71,8.73,12.28,20,56;
{'elliptic'},100,320,8,10.2402,1.6968e-09,8.54344e-09,653616,91104,369,1.4,0.29,0.42,20,56;
{'ex1010'},653,320,62,17.414,1.7788e-09,1.56352e-08,3.32599e+06,706056,11742,6.69,2.15,3.53,20,56;
{'ex5p'},386,320,30,15.0861,1.4868e-09,1.35993e-08,2.00965e+06,341640,5290,2.98,1.27,1.85,20,56;
{'frisc'},1755,320,158,25.9429,4.9284e-09,2.10145e-08,8.05996e+06,1.7993e+06,34121,32.83,7.62,9.88,20,56;
{'misex3'},418,320,34,15.0322,1.857e-09,1.31752e-08,2.00965e+06,387192,4629,3.43,1.22,1.77,20,56;
{'pdc'},1408,320,117,23.1563,2.6094e-09,2.05469e-08,5.91898e+06,1.3324e+06,28449,11.88,4.52,7.77,20,56;
{'s298'},18,320,2,3.59646,1.2806e-09,2.31586e-09,366534,22776,53,0.09,0.17,0.27,20,56;
{'s38417'},2185,320,183,16.3444,2.4492e-09,1.38952e-08,9.25415e+06,2.084e+06,24001,21.87,7.93,9.4,20,56;
{'s38584.1'},2054,320,167,17.0094,2.3942e-09,1.46152e-08,1.05308e+07,1.9018e+06,27146,18.6,8.79,10.14,20,56;
{'seq'},681,320,58,16.3382,1.863e-09,1.44752e-08,3.32599e+06,660504,11604,6,2.25,3.44,20,56;
{'spla'},1376,320,112,23.3382,2.5072e-09,2.0831e-08,5.91898e+06,1.27546e+06,28981,11.71,4.34,7.2,20,56;
{'tseng'},654,320,46,16.7006,2.8054e-09,1.38952e-08,3.32599e+06,523848,6297,8.09,2.32,2.78,20,56;
];
