mdata = [
%standard,LUTs,min_route_chan_width,fix_route_chan_width,Netlistclbblocks:,Finalcriticalpath:,Totallogicdelay:,totalnetdelay:,Totalroutingarea:,Totalusedlogicblockarea:,Totalwirelength:,Packingtook,Placementtook,Routingtook,MaximumSwitchBlockMultiplexersize:,MaximumConnectionBlockMultiplexersize:
{'alu4'},500,64,84,42,16.5484,2.2132e-09,1.43352e-08,1.07198e+06,478296,5085,4.73,1.19,1.33,27,16;
{'apex2'},659,92,128,53,19.9162,2.2452e-09,1.7671e-08,1.98238e+06,603564,9427,5.36,1.64,2.02,27,24;
{'apex4'},592,92,128,53,17.6502,1.875e-09,1.57752e-08,1.98238e+06,603564,9147,5.69,1.62,2.42,27,24;
{'bigkey'},571,56,72,52,10.487,1.0794e-09,9.40758e-09,3.37961e+06,592176,8505,3.01,4.13,2.33,25,12;
{'clma'},1061,92,128,85,18.4544,3.1034e-09,1.5351e-08,2.99325e+06,967980,14674,8.18,3.12,3.14,27,24;
{'des'},827,60,80,68,17.102,1.7668e-09,1.53352e-08,4.86779e+06,774384,16556,5.32,5.66,4.09,27,16;
{'diffeq'},470,64,84,42,15.1086,2.7934e-09,1.23152e-08,1.07198e+06,478296,4886,8.18,1.25,0.98,27,16;
{'dsip'},681,56,72,59,11.5712,1.1636e-09,1.04076e-08,3.37961e+06,671892,12246,11.59,4.43,2.78,25,12;
{'elliptic'},100,28,44,8,10.2402,1.6968e-09,8.54344e-09,144360,91104,417,1.28,0.23,0.13,25,8;
{'ex1010'},653,92,128,62,16.3442,1.869e-09,1.44752e-08,1.98238e+06,706056,10280,6.31,1.69,2.37,27,24;
{'ex5p'},386,84,104,30,15.9581,1.4988e-09,1.44593e-08,982915,341640,4815,3.05,0.97,1.38,27,18;
{'frisc'},1755,128,168,158,28.4667,4.5722e-09,2.38945e-08,6.33990e+06,1.7993e+06,30106,32.13,5.46,5.68,19,32;
{'misex3'},418,72,92,34,15.0382,1.863e-09,1.31752e-08,924546,387192,3980,3.34,0.94,0.81,27,18;
{'pdc'},1408,128,168,117,23.2963,2.6094e-09,2.06869e-08,4.62879e+06,1.3324e+06,25263,11.82,3.48,5.2,19,32;
{'s298'},18,28,44,2,3.96626,9.304e-10,3.03586e-09,76392.0,22776,57,0.09,0.12,0.05,25,8;
{'s38417'},2185,76,96,183,16.5602,2.365e-09,1.41952e-08,4.49605e+06,2.084e+06,22314,22.03,6.52,4.25,27,18;
{'s38584.1'},2054,92,128,167,16.8694,2.3942e-09,1.44752e-08,4.89907e+06,1.9018e+06,23743,18.88,6.45,4.17,27,24;
{'seq'},681,92,128,58,19,1.7848e-09,1.72152e-08,1.98238e+06,660504,9951,5.6,1.85,1.91,27,24;
{'spla'},1376,140,180,112,24.8843,2.5974e-09,2.22869e-08,4.63593e+06,1.27546e+06,26891,11.87,3.58,6.28,19,30;
{'tseng'},654,80,100,46,16.7006,2.8054e-09,1.38952e-08,1.23598e+06,523848,5823,7.74,1.57,0.98,27,18;
];
