mdata = [
%standard,LUTs,min_route_chan_width,fix_route_chan_width,Netlistclbblocks:,Finalcriticalpath:,Totallogicdelay:,totalnetdelay:,Totalroutingarea:,Totalusedlogicblockarea:,Totalwirelength:,Packingtook,Placementtook,Routingtook,MaximumSwitchBlockMultiplexersize:,MaximumConnectionBlockMultiplexersize:
{'alu4'},500,64,84,42,17.84,1.7848e-09,1.60552e-08,1.06939e+06,478296,5090,4.94,1.23,1.02,27,16;
{'apex2'},659,92,128,53,17.0102,2.2392e-09,1.4771e-08,1.97008e+06,603564,9466,5.13,1.73,1.99,27,24;
{'apex4'},592,92,128,53,18.5042,1.869e-09,1.66352e-08,1.97008e+06,603564,9197,5.46,1.65,2.22,27,24;
{'bigkey'},571,56,72,52,10.8572,1.1696e-09,9.68758e-09,3.37415e+06,592176,8527,3.36,4.12,2.34,25,12;
{'clma'},1061,92,128,85,19.2964,3.0854e-09,1.6211e-08,2.97743e+06,967980,14726,8.59,3.14,3.62,27,24;
{'des'},827,72,92,68,16.102,1.7668e-09,1.43352e-08,5.73706e+06,774384,15891,5.33,5.67,4.03,27,18;
{'diffeq'},470,64,84,42,15.9626,2.7874e-09,1.31752e-08,1.06939e+06,478296,5136,8.12,1.26,0.96,27,16;
{'dsip'},681,56,72,59,11.9214,1.5138e-09,1.04076e-08,3.37415e+06,671892,12732,11.47,4.44,2.8,25,12;
{'elliptic'},100,28,44,8,10.2402,1.6968e-09,8.54344e-09,142896,91104,411,1.45,0.31,0.1,25,8;
{'ex1010'},653,92,128,62,16.6023,1.843e-09,1.47593e-08,1.97008e+06,706056,10239,6.43,1.66,2.11,27,24;
{'ex5p'},386,88,108,30,15.986,1.3826e-09,1.46034e-08,1.05287e+06,341640,4760,2.99,1,1.01,27,22;
{'frisc'},1755,112,148,158,27.1348,4.8362e-09,2.22986e-08,5.51411e+06,1.7993e+06,30721,32.37,5.69,5.18,27,26;
{'misex3'},418,72,92,34,15.7522,1.857e-09,1.38952e-08,923136,387192,4184,3.37,0.92,0.81,27,18;
{'pdc'},1408,128,168,117,23.7423,2.6154e-09,2.11269e-08,4.60995e+06,1.3324e+06,24984,12.18,3.53,4.77,19,32;
{'s298'},18,16,16,2,14.1649,1.69e-10,1.39959e-08,38220.0,22776,94,0.06,0.09,0.02,23,4;
{'s38417'},2185,80,100,183,16.3444,2.4492e-09,1.38952e-08,4.48558e+06,2.084e+06,24028,22.21,6.49,4.55,27,18;
{'s38584.1'},2054,92,128,167,17.2332,2.038e-09,1.51952e-08,4.87798e+06,1.9018e+06,23825,19.91,6.54,3.88,27,24;
{'seq'},681,92,128,58,18.86,1.7848e-09,1.70752e-08,1.97008e+06,660504,9979,5.7,1.82,1.97,27,24;
{'spla'},1376,140,180,112,23.8703,2.6034e-09,2.12669e-08,4.62177e+06,1.27546e+06,26713,11.77,3.59,5.23,19,30;
{'tseng'},654,72,92,46,16.7006,2.8054e-09,1.38952e-08,1.21909e+06,523848,5279,7.84,1.57,0.93,27,18;
];
