mdata = [
%standard,LUTs,fix_route_chan_width,Netlistclbblocks:,Finalcriticalpath:,Totallogicdelay:,totalnetdelay:,Totalroutingarea:,Totalusedlogicblockarea:,Totalwirelength:,Packingtook,Placementtook,Routingtook,MaximumSwitchBlockMultiplexersize:,MaximumConnectionBlockMultiplexersize:
{'alu4'},500,320,42,14.96,1.7848e-09,1.31752e-08,2.64090e+06,478296,5770,4.86,1.56,2.34,20,56;
{'apex2'},659,320,53,18.1524,2.2372e-09,1.59152e-08,3.34268e+06,603564,10633,5.15,2.16,3.21,20,56;
{'apex4'},592,320,53,17.3582,1.863e-09,1.54952e-08,3.34268e+06,603564,10656,5.53,2.09,3.34,20,56;
{'bigkey'},571,320,52,9.99718,1.1696e-09,8.82758e-09,1.48961e+07,592176,10626,3.14,8.75,12.76,20,56;
{'clma'},1061,320,85,19.8764,3.0854e-09,1.6791e-08,4.99365e+06,967980,16452,8.32,3.75,4.9,20,56;
{'des'},827,320,68,17.0522,1.857e-09,1.51952e-08,1.99702e+07,774384,21540,5.29,11.26,17.14,20,56;
{'diffeq'},470,320,42,15.1026,2.7874e-09,1.23152e-08,2.64090e+06,478296,5117,8.25,1.63,2.18,20,56;
{'dsip'},681,320,59,10.2014,1.5138e-09,8.68758e-09,1.48961e+07,671892,14811,11.47,8.53,12.56,20,56;
{'elliptic'},100,320,8,8.97458,2.027e-09,6.94758e-09,658386,91104,399,1.37,0.3,0.41,20,56;
{'ex1010'},653,320,62,16.1683,1.849e-09,1.43193e-08,3.34268e+06,706056,11860,6.83,2.15,3.69,20,56;
{'ex5p'},386,320,30,15.2261,1.4868e-09,1.37393e-08,2.02157e+06,341640,5229,3.08,1.24,1.86,20,56;
{'frisc'},1755,320,158,28.8229,4.9284e-09,2.38945e-08,8.08858e+06,1.7993e+06,33767,31.87,6.94,9.45,20,56;
{'misex3'},418,320,34,15.1339,1.6746e-09,1.34593e-08,2.02157e+06,387192,4639,3.36,1.26,1.81,20,56;
{'pdc'},1408,320,117,23.1563,2.6094e-09,2.05469e-08,5.94283e+06,1.3324e+06,28186,11.67,4.39,7.41,20,56;
{'s298'},18,320,2,3.92486,1.69e-10,3.75586e-09,368919,22776,59,0.07,0.13,0.2,20,56;
{'s38417'},2185,320,183,16.3444,2.4492e-09,1.38952e-08,9.28515e+06,2.084e+06,24450,21.74,7.97,8.81,20,56;
{'s38584.1'},2054,320,167,16.2894,2.3942e-09,1.38952e-08,1.05642e+07,1.9018e+06,27084,18.69,8.5,10.07,20,56;
{'seq'},681,320,58,17.8484,2.2132e-09,1.56352e-08,3.34268e+06,660504,11718,5.63,2.31,3.31,20,56;
{'spla'},1376,320,112,23.2843,2.5974e-09,2.06869e-08,5.94283e+06,1.27546e+06,29237,11.59,4.49,7.37,20,56;
{'tseng'},654,320,46,15.8904,2.7152e-09,1.31752e-08,3.34268e+06,523848,6212,7.94,2.27,2.7,20,56;
];
