mdata = [
%standard,LUTs,fix_route_chan_width,Netlistclbblocks:,Finalcriticalpath:,Totallogicdelay:,totalnetdelay:,Totalroutingarea:,Totalusedlogicblockarea:,Totalwirelength:,Packingtook,Placementtook,Routingtook,MaximumSwitchBlockMultiplexersize:,MaximumConnectionBlockMultiplexersize:
{'alu4'},500,320,42,15.7642,1.869e-09,1.38952e-08,2.64120e+06,478296,5812,4.78,1.53,2.42,20,56;
{'apex2'},659,320,53,19.1762,2.2452e-09,1.6931e-08,3.34304e+06,603564,10702,5.37,2.09,3.29,20,56;
{'apex4'},592,320,53,17.8484,2.2132e-09,1.56352e-08,3.34304e+06,603564,10639,5.27,2.04,3.38,20,56;
{'bigkey'},571,320,52,10.7172,1.1696e-09,9.54758e-09,1.48970e+07,592176,11265,3.2,8.29,12.44,20,56;
{'clma'},1061,320,85,18.6846,3.1936e-09,1.5491e-08,4.99411e+06,967980,16185,8.16,3.78,5.08,20,56;
{'des'},827,320,68,17.2441,1.7648e-09,1.54793e-08,1.99712e+07,774384,21085,5.26,12.52,17.8,20,56;
{'diffeq'},470,320,42,15.9626,2.7874e-09,1.31752e-08,2.64120e+06,478296,5351,8.32,1.64,2.23,20,56;
{'dsip'},681,320,59,10.6214,1.5138e-09,9.10758e-09,1.48970e+07,671892,14348,11.61,8.79,12.6,20,56;
{'elliptic'},100,320,8,10.2402,1.6968e-09,8.54344e-09,658488,91104,359,1.4,0.3,0.41,20,56;
{'ex1010'},653,320,62,16.9182,1.863e-09,1.50552e-08,3.34304e+06,706056,11491,6.54,2.15,3.45,20,56;
{'ex5p'},386,320,30,14.5121,1.4928e-09,1.30193e-08,2.02183e+06,341640,5313,3.03,1.17,1.85,20,56;
{'frisc'},1755,320,158,27.3829,4.9284e-09,2.24545e-08,8.08919e+06,1.7993e+06,33862,32.62,7.2,10.74,20,56;
{'misex3'},418,320,34,15.4378,1.6826e-09,1.37552e-08,2.02183e+06,387192,4635,3.34,1.17,1.78,20,56;
{'pdc'},1408,320,117,23.0163,2.6094e-09,2.04069e-08,5.94334e+06,1.3324e+06,28421,11.44,4.41,7.2,20,56;
{'s298'},18,320,2,3.92486,1.69e-10,3.75586e-09,368970,22776,52,0.07,0.16,0.25,20,56;
{'s38417'},2185,320,183,16.2044,2.4492e-09,1.37552e-08,9.28582e+06,2.084e+06,24726,21.97,7.76,8.7,20,56;
{'s38584.1'},2054,320,167,15.2132,2.038e-09,1.31752e-08,1.05649e+07,1.9018e+06,27113,18.73,8.91,9.87,20,56;
{'seq'},681,320,58,16.9242,1.869e-09,1.50552e-08,3.34304e+06,660504,11828,5.62,2.2,3.59,20,56;
{'spla'},1376,320,112,25.0303,2.6034e-09,2.24269e-08,5.94334e+06,1.27546e+06,29047,11.45,4.44,7.12,20,56;
{'tseng'},654,320,46,16.7006,2.8054e-09,1.38952e-08,3.34304e+06,523848,6288,8.14,2.31,2.84,20,56;
];
