mdata = [
%standard,LUTs,min_route_chan_width,fix_route_chan_width,Netlistclbblocks:,Finalcriticalpath:,Totallogicdelay:,totalnetdelay:,Totalroutingarea:,Totalusedlogicblockarea:,Totalwirelength:,Packingtook,Placementtook,Routingtook,MaximumSwitchBlockMultiplexersize:,MaximumConnectionBlockMultiplexersize:
{'alu4'},500,64,84,42,18.2641,1.7848e-09,1.64793e-08,1.07072e+06,478296,5182,6.92,1.31,1.25,27,16;
{'apex2'},659,92,128,53,18.1344,2.2192e-09,1.59152e-08,1.97104e+06,603564,9291,8.68,1.76,1.97,27,24;
{'apex4'},592,88,108,53,19.1664,1.823e-09,1.73434e-08,1.77300e+06,603564,9351,8.28,1.59,2.16,27,22;
{'bigkey'},571,56,72,52,10.9972,1.1696e-09,9.82758e-09,3.37766e+06,592176,8754,3.52,4.39,2.57,25,12;
{'clma'},1061,92,128,85,19.8884,3.0974e-09,1.6791e-08,2.97543e+06,967980,14391,10.38,3.11,2.88,27,24;
{'des'},827,72,92,68,16.828,1.7728e-09,1.50552e-08,5.74084e+06,774384,15826,8.04,5.78,4.33,27,18;
{'diffeq'},470,64,84,42,14.9523,2.073e-09,1.28793e-08,1.07072e+06,478296,5161,10.33,1.27,1.02,27,16;
{'dsip'},681,56,72,59,11.3414,1.5138e-09,9.82758e-09,3.37766e+06,671892,12395,14.25,4.43,2.76,25,12;
{'elliptic'},100,28,44,8,9.55458,2.027e-09,7.52758e-09,143970,91104,368,1.37,0.23,0.17,25,8;
{'ex1010'},653,92,128,62,16.7483,1.849e-09,1.48993e-08,1.97104e+06,706056,10266,8.74,1.68,2.23,27,24;
{'ex5p'},386,84,104,30,17.2521,1.4928e-09,1.57593e-08,977965,341640,4787,4.62,1.4,1.28,27,18;
{'frisc'},1755,128,168,158,31.7867,4.5722e-09,2.72145e-08,6.32370e+06,1.7993e+06,29842,35.89,5.86,5.76,18,32;
{'misex3'},418,68,88,34,17.1778,1.6826e-09,1.54952e-08,889389,387192,4141,4.3,1.23,0.92,27,18;
{'pdc'},1408,128,168,117,22.5903,2.6034e-09,1.99869e-08,4.61649e+06,1.3324e+06,24740,14.51,3.99,4.86,18,32;
{'s298'},18,12,12,2,11.0871,4.11199e-10,1.06759e-08,35541.0,22776,86,0.09,0.12,0.03,21,4;
{'s38417'},2185,80,100,183,17.3644,2.4492e-09,1.49152e-08,4.49529e+06,2.084e+06,24343,24.92,6.65,3.95,27,18;
{'s38584.1'},2054,108,144,167,17.0094,2.3942e-09,1.46152e-08,5.45165e+06,1.9018e+06,23248,22.26,6.31,4.37,27,26;
{'seq'},681,108,144,58,17.114,1.7788e-09,1.53352e-08,2.20597e+06,660504,9948,8.32,1.89,2.09,27,26;
{'spla'},1376,140,180,112,24.4786,2.9276e-09,2.1551e-08,4.63443e+06,1.27546e+06,26490,15.34,3.59,5.44,18,30;
{'tseng'},654,80,100,46,15.6662,2.631e-09,1.30352e-08,1.23607e+06,523848,5920,8.64,1.6,1.02,27,18;
];
