mdata = [
%standard,LUTs,min_route_chan_width,fix_route_chan_width,Netlistclbblocks:,Finalcriticalpath:,Totallogicdelay:,totalnetdelay:,Totalroutingarea:,Totalusedlogicblockarea:,Totalwirelength:,Packingtook,Placementtook,Routingtook,MaximumSwitchBlockMultiplexersize:,MaximumConnectionBlockMultiplexersize:
{'alu4'},500,64,84,42,18.1883,1.849e-09,1.63393e-08,1.07198e+06,478296,5058,4.7,1.21,1.15,27,16;
{'apex2'},659,88,108,53,17.3822,1.4788e-09,1.59034e-08,1.77457e+06,603564,9460,5.26,1.74,2.37,27,22;
{'apex4'},592,92,128,53,18.4922,1.857e-09,1.66352e-08,1.97335e+06,603564,9235,5.44,1.63,2.15,27,24;
{'bigkey'},571,56,72,52,10.2772,1.1696e-09,9.10758e-09,3.37961e+06,592176,8697,3.19,4.12,2.46,25,12;
{'clma'},1061,92,128,85,17.975,3.4998e-09,1.44752e-08,2.97840e+06,967980,14585,8.22,3.14,3.43,27,24;
{'des'},827,72,92,68,16.1623,1.843e-09,1.43193e-08,5.74174e+06,774384,15873,5.42,5.69,4.14,27,18;
{'diffeq'},470,64,84,42,15.1026,2.7874e-09,1.23152e-08,1.07198e+06,478296,5095,8.23,1.28,1,27,16;
{'dsip'},681,56,72,59,11.7814,1.5138e-09,1.02676e-08,3.37961e+06,671892,12604,11.55,4.48,3.41,25,12;
{'elliptic'},100,28,44,8,10.2402,1.6968e-09,8.54344e-09,144360,91104,406,1.32,0.25,0.09,25,8;
{'ex1010'},653,92,128,62,16.7423,1.843e-09,1.48993e-08,1.97335e+06,706056,10327,6.38,1.66,2.05,27,24;
{'ex5p'},386,88,108,30,17.6861,1.4868e-09,1.61993e-08,1.05479e+06,341640,4590,3.04,0.99,1.06,27,22;
{'frisc'},1755,112,148,158,27.1348,4.8362e-09,2.22986e-08,5.51612e+06,1.7993e+06,30526,32.39,5.76,5.38,27,26;
{'misex3'},418,76,96,34,15.6182,1.863e-09,1.37552e-08,937800,387192,4224,3.12,0.92,1.04,27,18;
{'pdc'},1408,128,168,117,23.8823,2.6154e-09,2.12669e-08,4.62279e+06,1.3324e+06,24928,11.59,3.9,5.38,18,32;
{'s298'},18,16,16,2,14.0249,1.69e-10,1.38559e-08,38484.0,22776,102,0.08,0.12,0.02,23,4;
{'s38417'},2185,80,100,183,16.2602,2.365e-09,1.38952e-08,4.49587e+06,2.084e+06,24039,22.14,6.57,3.95,27,18;
{'s38584.1'},2054,92,128,167,17.2332,2.038e-09,1.51952e-08,4.87279e+06,1.9018e+06,23449,18.73,6.48,4.03,27,24;
{'seq'},681,92,128,58,19,1.7848e-09,1.72152e-08,1.97335e+06,660504,9972,5.71,1.83,2.07,27,24;
{'spla'},1376,140,180,112,23.8703,2.6034e-09,2.12669e-08,4.63533e+06,1.27546e+06,26390,11.81,3.58,4.88,18,30;
{'tseng'},654,76,96,46,16.7006,2.8054e-09,1.38952e-08,1.23730e+06,523848,5260,8.05,1.61,1.06,27,18;
];
