mdata = [
%standard,LUTs,min_route_chan_width,fix_route_chan_width,Netlistclbblocks:,Finalcriticalpath:,Totallogicdelay:,totalnetdelay:,Totalroutingarea:,Totalusedlogicblockarea:,Totalwirelength:,Packingtook,Placementtook,Routingtook,MaximumSwitchBlockMultiplexersize:,MaximumConnectionBlockMultiplexersize:
{'alu4'},500,64,84,42,17.12,1.7848e-09,1.53352e-08,1.07189e+06,478296,5026,4.73,1.22,1.02,27,16;
{'apex2'},659,88,108,53,17.5962,2.2452e-09,1.5351e-08,1.77434e+06,603564,9379,5.4,1.77,2.18,27,22;
{'apex4'},592,92,128,53,17.9242,1.869e-09,1.60552e-08,1.97165e+06,603564,9233,5.46,1.63,2.07,27,24;
{'bigkey'},571,48,64,52,10.8572,1.1696e-09,9.68758e-09,3.36125e+06,592176,8218,3.1,4.14,2.3,25,14;
{'clma'},1061,92,128,85,17.9586,3.1876e-09,1.4771e-08,2.97567e+06,967980,14618,8.45,3.24,3.32,27,24;
{'des'},827,72,92,68,15.8061,1.4868e-09,1.43193e-08,5.74151e+06,774384,15984,5.26,5.66,4.21,27,18;
{'diffeq'},470,64,84,42,14.5226,2.7874e-09,1.17352e-08,1.07189e+06,478296,5082,8.44,1.28,0.86,27,16;
{'dsip'},681,48,64,59,12.0052,1.1576e-09,1.08476e-08,3.36125e+06,671892,11699,11.57,4.43,2.77,25,14;
{'elliptic'},100,28,44,8,10.2402,1.6968e-09,8.54344e-09,144354,91104,403,1.37,0.24,0.13,25,8;
{'ex1010'},653,92,128,62,16.7423,1.843e-09,1.48993e-08,1.97165e+06,706056,10469,6.56,1.66,2.11,27,24;
{'ex5p'},386,88,108,30,14.9117,1.3124e-09,1.35993e-08,1.05462e+06,341640,4719,3.2,0.97,1.19,27,22;
{'frisc'},1755,112,148,158,27.1348,4.8362e-09,2.22986e-08,5.51141e+06,1.7993e+06,30694,32.83,5.62,5.78,27,26;
{'misex3'},418,76,96,34,15.6182,1.863e-09,1.37552e-08,937560,387192,4165,3.26,0.91,0.93,27,18;
{'pdc'},1408,128,168,117,24.7363,2.6094e-09,2.21269e-08,4.62246e+06,1.3324e+06,24923,11.87,3.67,4.84,19,32;
{'s298'},18,12,12,2,7.23606,5.802e-10,6.65586e-09,35601.0,22776,77,0.1,0.11,0.02,21,4;
{'s38417'},2185,80,100,183,16.2602,2.365e-09,1.38952e-08,4.49603e+06,2.084e+06,23744,22.28,6.42,3.89,27,18;
{'s38584.1'},2054,92,128,167,17.2332,2.038e-09,1.51952e-08,4.86808e+06,1.9018e+06,23607,19.01,6.73,4.19,27,24;
{'seq'},681,92,128,58,19,1.7848e-09,1.72152e-08,1.97165e+06,660504,9829,5.62,1.84,1.93,27,24;
{'spla'},1376,140,180,112,23.0103,2.6034e-09,2.04069e-08,4.63515e+06,1.27546e+06,26467,11.84,3.62,5.03,19,30;
{'tseng'},654,76,96,46,16.7006,2.8054e-09,1.38952e-08,1.23701e+06,523848,5352,7.96,1.58,0.92,27,18;
];
