mdata = [
%standard,LUTs,fix_route_chan_width,Netlistclbblocks:,Finalcriticalpath:,Totallogicdelay:,totalnetdelay:,Totalroutingarea:,Totalusedlogicblockarea:,Totalwirelength:,Packingtook,Placementtook,Routingtook,MaximumSwitchBlockMultiplexersize:,MaximumConnectionBlockMultiplexersize:
{'alu4'},500,320,42,15.7502,2.135e-09,1.36152e-08,2.64075e+06,478296,5722,4.68,1.51,2.41,19,56;
{'apex2'},659,320,53,17.5902,2.2392e-09,1.5351e-08,3.34252e+06,603564,10954,5.17,2.06,3.39,19,56;
{'apex4'},592,320,53,18.4284,2.2132e-09,1.62152e-08,3.34252e+06,603564,10454,5.18,2.06,3.58,19,56;
{'bigkey'},571,320,52,11.487,1.0794e-09,1.04076e-08,1.48957e+07,592176,11043,3.1,8.32,12.46,19,56;
{'clma'},1061,320,85,18.9024,2.9872e-09,1.59152e-08,4.99344e+06,967980,16430,8.28,4.12,5.14,19,56;
{'des'},827,320,68,17.4922,1.857e-09,1.56352e-08,1.99697e+07,774384,20739,5.08,11.37,16.82,19,56;
{'diffeq'},470,320,42,15.3025,2.4232e-09,1.28793e-08,2.64075e+06,478296,5072,7.95,1.59,2.13,19,56;
{'dsip'},681,320,59,10.7052,1.1576e-09,9.54758e-09,1.48957e+07,671892,14449,11.29,8.38,12.46,19,56;
{'elliptic'},100,320,8,8.97458,2.027e-09,6.94758e-09,658338,91104,388,1.54,0.39,0.48,19,56;
{'ex1010'},653,320,62,17.414,1.7788e-09,1.56352e-08,3.34252e+06,706056,11640,6.64,2.09,3.38,19,56;
{'ex5p'},386,320,30,15.0861,1.4868e-09,1.35993e-08,2.02145e+06,341640,5180,3.06,1.22,1.8,19,56;
{'frisc'},1755,320,158,26.5229,4.9284e-09,2.15945e-08,8.08829e+06,1.7993e+06,34129,32.41,7.52,10.32,19,56;
{'misex3'},418,320,34,14.8922,1.857e-09,1.30352e-08,2.02145e+06,387192,4696,3.29,1.19,1.79,19,56;
{'pdc'},1408,320,117,23.1563,2.6094e-09,2.05469e-08,5.94259e+06,1.3324e+06,27848,11.88,4.35,7.19,19,56;
{'s298'},18,320,2,3.59646,1.2806e-09,2.31586e-09,368895,22776,48,0.1,0.18,0.25,19,56;
{'s38417'},2185,320,183,16.3444,2.4492e-09,1.38952e-08,9.28484e+06,2.084e+06,24184,21.95,7.6,8.98,19,56;
{'s38584.1'},2054,320,167,17.0094,2.3942e-09,1.46152e-08,1.05639e+07,1.9018e+06,27071,18.76,8.37,10.28,19,56;
{'seq'},681,320,58,16.4842,1.869e-09,1.46152e-08,3.34252e+06,660504,11549,5.74,2.28,3.54,19,56;
{'spla'},1376,320,112,23.3382,2.5072e-09,2.0831e-08,5.94259e+06,1.27546e+06,28910,11.52,4.35,7.06,19,56;
{'tseng'},654,320,46,16.7006,2.8054e-09,1.38952e-08,3.34252e+06,523848,6229,7.82,2.31,2.78,19,56;
];
