mdata = [
%standard,LUTs,min_route_chan_width,fix_route_chan_width,Netlistclbblocks:,Finalcriticalpath:,Totallogicdelay:,totalnetdelay:,Totalroutingarea:,Totalusedlogicblockarea:,Totalwirelength:,Packingtook,Placementtook,Routingtook,MaximumSwitchBlockMultiplexersize:,MaximumConnectionBlockMultiplexersize:
{'alu4'},500,64,84,42,16.2581,1.4988e-09,1.47593e-08,1.07108e+06,478296,5058,4.97,1.19,1.21,27,16;
{'apex2'},659,92,128,53,20.1962,2.2452e-09,1.7951e-08,1.96968e+06,603564,9289,5.33,1.64,2.03,27,24;
{'apex4'},592,92,128,53,17.2102,1.875e-09,1.53352e-08,1.96968e+06,603564,9362,5.38,1.62,2.1,27,24;
{'bigkey'},571,56,72,52,10.2772,1.1696e-09,9.10758e-09,3.37766e+06,592176,8591,3.13,4.15,2.7,25,12;
{'clma'},1061,92,128,85,19.0344,3.1034e-09,1.5931e-08,2.97314e+06,967980,14457,8.19,3.12,2.86,27,24;
{'des'},827,56,72,68,21.0121,1.4928e-09,1.95193e-08,4.35961e+06,774384,16815,5.46,5.67,3.75,25,12;
{'diffeq'},470,64,84,42,15.1086,2.7934e-09,1.23152e-08,1.07108e+06,478296,4950,8.37,1.26,1.02,27,16;
{'dsip'},681,56,72,59,11.5712,1.1636e-09,1.04076e-08,3.37766e+06,671892,12113,11.39,4.44,3.01,25,12;
{'elliptic'},100,32,48,8,10.2402,1.6968e-09,8.54344e-09,167562,91104,395,1.42,0.27,0.12,25,10;
{'ex1010'},653,92,128,62,16.3442,1.869e-09,1.44752e-08,1.96968e+06,706056,10063,6.5,1.73,2.09,27,24;
{'ex5p'},386,84,104,30,15.9581,1.4988e-09,1.44593e-08,978040,341640,4822,3.45,0.96,1.22,27,18;
{'frisc'},1755,128,168,158,28.4667,4.5722e-09,2.38945e-08,6.32352e+06,1.7993e+06,30170,32.45,5.65,5.52,19,32;
{'misex3'},418,68,88,34,16.4722,1.857e-09,1.46152e-08,889539,387192,4061,3.56,0.94,0.81,27,18;
{'pdc'},1408,128,168,117,23.7902,2.2392e-09,2.1551e-08,4.61634e+06,1.3324e+06,25020,11.87,3.52,4.85,19,32;
{'s298'},18,28,44,2,3.96626,9.304e-10,3.03586e-09,76197.0,22776,58,0.09,0.12,0.05,25,8;
{'s38417'},2185,76,96,183,16.8342,2.359e-09,1.44752e-08,4.48844e+06,2.084e+06,22484,22.41,6.62,4.38,27,18;
{'s38584.1'},2054,100,136,167,17.0094,2.3942e-09,1.46152e-08,4.98151e+06,1.9018e+06,24867,18.99,6.39,4.07,27,24;
{'seq'},681,100,136,58,20,1.7848e-09,1.82152e-08,2.01741e+06,660504,9873,5.7,1.83,2,27,24;
{'spla'},1376,140,180,112,24.8843,2.5974e-09,2.22869e-08,4.63428e+06,1.27546e+06,26261,11.73,3.6,4.93,19,30;
{'tseng'},654,80,100,46,16.7006,2.8054e-09,1.38952e-08,1.23598e+06,523848,5781,8.08,1.57,1.02,27,18;
];
