mdata = [
%standard,LUTs,min_route_chan_width,fix_route_chan_width,Netlistclbblocks:,Finalcriticalpath:,Totallogicdelay:,totalnetdelay:,Totalroutingarea:,Totalusedlogicblockarea:,Totalwirelength:,Packingtook,Placementtook,Routingtook,MaximumSwitchBlockMultiplexersize:,MaximumConnectionBlockMultiplexersize:
{'alu4'},500,64,84,42,18.0423,1.843e-09,1.61993e-08,1.07171e+06,478296,5025,5.06,1.19,1.19,27,16;
{'apex2'},659,88,108,53,20.9781,1.7588e-09,1.92193e-08,1.78564e+06,603564,9555,5.59,1.66,1.9,27,22;
{'apex4'},592,92,128,53,18.6442,1.869e-09,1.67752e-08,1.98159e+06,603564,9188,5.64,1.58,1.92,27,24;
{'bigkey'},571,56,72,52,11.7172,1.1696e-09,1.05476e-08,3.37895e+06,592176,8815,3.05,4.17,2.41,25,12;
{'clma'},1061,100,136,85,19.8884,3.0974e-09,1.6791e-08,3.04714e+06,967980,14750,9.03,3.06,3.11,27,24;
{'des'},827,72,92,68,16.5963,1.837e-09,1.47593e-08,5.74052e+06,774384,16003,5.63,5.69,4.2,27,18;
{'diffeq'},470,64,84,42,15.1026,2.7874e-09,1.23152e-08,1.07171e+06,478296,5082,8.19,1.27,0.9,27,16;
{'dsip'},681,56,72,59,11.621,1.0734e-09,1.05476e-08,3.37895e+06,671892,12156,11.5,4.42,2.58,25,12;
{'elliptic'},100,32,48,8,8.97458,2.027e-09,6.94758e-09,168000,91104,330,1.57,0.24,0.21,25,10;
{'ex1010'},653,92,128,62,16.1683,1.849e-09,1.43193e-08,1.98159e+06,706056,10252,6.88,1.64,2.2,27,24;
{'ex5p'},386,88,108,30,15.2162,1.4728e-09,1.37434e-08,1.06029e+06,341640,4639,3.41,0.96,1.04,27,22;
{'frisc'},1755,128,168,158,31.7867,4.5722e-09,2.72145e-08,6.33889e+06,1.7993e+06,29872,33.2,5.6,5.49,19,32;
{'misex3'},418,72,92,34,15.5778,1.6826e-09,1.38952e-08,924291,387192,4126,3.84,1.02,0.94,27,18;
{'pdc'},1408,128,168,117,22.5903,2.6034e-09,1.99869e-08,4.62795e+06,1.3324e+06,24472,11.79,3.54,4.78,19,32;
{'s298'},18,16,16,2,8.40486,1.69e-10,8.23586e-09,38481.0,22776,87,0.1,0.11,0.02,23,4;
{'s38417'},2185,84,104,183,16.8342,2.359e-09,1.44752e-08,4.71795e+06,2.084e+06,23071,22.04,6.43,4.23,27,18;
{'s38584.1'},2054,100,136,167,17.0094,2.3942e-09,1.46152e-08,4.98465e+06,1.9018e+06,24439,19.41,6.43,4.43,27,24;
{'seq'},681,108,144,58,17.114,1.7788e-09,1.53352e-08,2.21410e+06,660504,9908,5.81,1.75,1.96,27,26;
{'spla'},1376,140,180,112,24.4786,2.9276e-09,2.1551e-08,4.63494e+06,1.27546e+06,26405,11.9,3.56,5.86,19,30;
{'tseng'},654,80,100,46,15.6662,2.631e-09,1.30352e-08,1.23556e+06,523848,5960,8.06,1.6,1.29,27,18;
];
