mdata = [
%standard,LUTs,min_route_chan_width,fix_route_chan_width,Netlistclbblocks:,Finalcriticalpath:,Totallogicdelay:,totalnetdelay:,Totalroutingarea:,Totalusedlogicblockarea:,Totalwirelength:,Packingtook,Placementtook,Routingtook,MaximumSwitchBlockMultiplexersize:,MaximumConnectionBlockMultiplexersize:
{'alu4'},500,64,84,42,18.6382,1.863e-09,1.67752e-08,1.07054e+06,478296,5124,4.71,1.19,1.18,27,16;
{'apex2'},659,92,128,53,20.3362,2.2452e-09,1.8091e-08,1.97104e+06,603564,9280,5.1,1.69,1.92,27,24;
{'apex4'},592,92,128,53,18.2302,1.875e-09,1.63552e-08,1.97104e+06,603564,9144,5.47,1.62,2.05,27,24;
{'bigkey'},571,56,72,52,10.1372,1.1696e-09,8.96758e-09,3.37727e+06,592176,8601,3.14,4.15,2.49,25,12;
{'clma'},1061,92,128,85,18.4544,3.1034e-09,1.5351e-08,2.97543e+06,967980,14725,8.8,3.24,3.26,27,24;
{'des'},827,56,72,68,18.7204,1.817e-09,1.69034e-08,4.35916e+06,774384,16883,5.59,5.69,4.03,25,12;
{'diffeq'},470,64,84,42,14.5286,2.7934e-09,1.17352e-08,1.07054e+06,478296,4933,8.39,1.25,0.93,27,16;
{'dsip'},681,56,72,59,11.5712,1.1636e-09,1.04076e-08,3.37727e+06,671892,12214,11.99,4.43,2.8,25,12;
{'elliptic'},100,32,48,8,10.2402,1.6968e-09,8.54344e-09,167442,91104,381,1.53,0.24,0.13,25,10;
{'ex1010'},653,92,128,62,16.7543,1.855e-09,1.48993e-08,1.97104e+06,706056,10132,6.58,1.71,2.42,27,24;
{'ex5p'},386,84,104,30,19.8461,1.4868e-09,1.83593e-08,977815,341640,4832,3.12,1.02,1.11,27,18;
{'frisc'},1755,128,168,158,28.4667,4.5722e-09,2.38945e-08,6.32334e+06,1.7993e+06,30093,33.4,5.58,6.66,18,32;
{'misex3'},418,72,92,34,15.5778,1.6826e-09,1.38952e-08,923946,387192,3976,3.19,0.96,0.82,27,18;
{'pdc'},1408,128,168,117,23.9302,2.2392e-09,2.1691e-08,4.61619e+06,1.3324e+06,24890,12.14,3.52,5.1,18,32;
{'s298'},18,28,44,2,3.59646,1.2806e-09,2.31586e-09,76212.0,22776,53,0.1,0.11,0.05,25,8;
{'s38417'},2185,76,96,183,16.6942,2.359e-09,1.43352e-08,4.48747e+06,2.084e+06,22356,22.25,6.61,3.75,27,18;
{'s38584.1'},2054,92,128,167,16.8694,2.3942e-09,1.44752e-08,4.86883e+06,1.9018e+06,23796,20.68,6.32,4,27,24;
{'seq'},681,100,136,58,19,1.7848e-09,1.72152e-08,2.01709e+06,660504,10027,5.63,1.83,2.08,27,24;
{'spla'},1376,140,180,112,24.8843,2.5974e-09,2.22869e-08,4.63413e+06,1.27546e+06,26494,11.78,3.6,5.19,18,30;
{'tseng'},654,84,104,46,16.7006,2.8054e-09,1.38952e-08,1.28999e+06,523848,5451,8.04,1.59,1.33,27,18;
];
