mdata = [
%standard,LUTs,min_route_chan_width,fix_route_chan_width,Netlistclbblocks:,Finalcriticalpath:,Totallogicdelay:,totalnetdelay:,Totalroutingarea:,Totalusedlogicblockarea:,Totalwirelength:,Packingtook,Placementtook,Routingtook,MaximumSwitchBlockMultiplexersize:,MaximumConnectionBlockMultiplexersize:
{'alu4'},500,76,96,42,15.8915,2.2132e-09,1.36783e-08,1.06862e+06,478296,5412,4.7,1.18,0.7,18,14;
{'apex2'},659,108,144,53,19.9668,2.2452e-09,1.77216e-08,1.98773e+06,603564,10312,5.04,1.64,1.32,16,22;
{'apex4'},592,108,144,53,19.1083,1.851e-09,1.72573e-08,1.98773e+06,603564,10099,5.33,1.62,1.52,16,22;
{'bigkey'},571,64,84,52,9.54234,1.3326e-09,8.20974e-09,3.44920e+06,592176,8769,3.35,4.15,0.87,17,12;
{'clma'},1061,128,168,85,19.0325,3.1816e-09,1.58509e-08,3.50176e+06,967980,15606,8.72,3.14,2.33,16,26;
{'des'},827,64,84,68,16.5099,1.4728e-09,1.50371e-08,4.44763e+06,774384,17533,5.16,5.64,1.81,17,12;
{'diffeq'},470,76,96,42,14.3046,2.7874e-09,1.15172e-08,1.06862e+06,478296,5391,8.33,1.23,0.6,18,14;
{'dsip'},681,64,84,59,11.7245,1.1576e-09,1.05669e-08,3.44920e+06,671892,12532,11.37,4.48,1.73,17,12;
{'elliptic'},100,48,64,8,12.2149,2.053e-09,1.01619e-08,186999,91104,400,1.32,0.24,0.04,16,10;
{'ex1010'},653,112,148,62,16.258,1.869e-09,1.4389e-08,2.01063e+06,706056,11154,6.44,1.7,1.4,16,22;
{'ex5p'},386,108,144,30,15.0526,1.4988e-09,1.35538e-08,1.18704e+06,341640,4930,3.33,1.07,0.56,16,22;
{'frisc'},1755,140,180,158,28.2556,4.5722e-09,2.36834e-08,6.08336e+06,1.7993e+06,32841,32.13,5.52,3.99,16,28;
{'misex3'},418,80,100,34,15.5108,1.857e-09,1.36539e-08,861684,387192,4756,3.58,1,0.73,16,16;
{'pdc'},1408,144,184,117,23.5326,2.5834e-09,2.09492e-08,4.49979e+06,1.3324e+06,26689,12.37,3.5,3.29,16,28;
{'s298'},18,28,44,2,5.16093,1.69e-10,4.99193e-09,68844.0,22776,62,0.09,0.12,0,14,6;
{'s38417'},2185,88,108,183,16.8254,2.4492e-09,1.43762e-08,4.22771e+06,2.084e+06,25061,22.41,6.6,2.14,17,16;
{'s38584.1'},2054,112,148,167,16.7121,2.3942e-09,1.43179e-08,4.94220e+06,1.9018e+06,25082,19.15,6.5,2.37,16,22;
{'seq'},681,128,168,58,16.0082,1.863e-09,1.41452e-08,2.32265e+06,660504,10872,5.5,1.81,1.27,16,26;
{'spla'},1376,156,208,112,23.7783,2.5132e-09,2.12651e-08,4.99631e+06,1.27546e+06,27390,11.92,3.62,3.87,16,32;
{'tseng'},654,88,108,46,16.4546,2.8054e-09,1.36492e-08,1.17564e+06,523848,5870,7.75,1.6,0.59,16,16;
];
