mdata = [
%standard,LUTs,min_route_chan_width,fix_route_chan_width,Netlistclbblocks:,Finalcriticalpath:,Totallogicdelay:,totalnetdelay:,Totalroutingarea:,Totalusedlogicblockarea:,Totalwirelength:,Packingtook,Placementtook,Routingtook,MaximumSwitchBlockMultiplexersize:,MaximumConnectionBlockMultiplexersize:
{'alu4'},500,76,96,42,15.3091,1.837e-09,1.34721e-08,1.06862e+06,478296,5598,4.89,1.19,0.73,18,14;
{'apex2'},659,100,136,53,18.007,2.129e-09,1.5878e-08,1.87542e+06,603564,10338,5.21,1.65,1.27,16,20;
{'apex4'},592,108,144,53,17.034,1.869e-09,1.5165e-08,1.98773e+06,603564,9902,5.42,1.61,1.42,16,22;
{'bigkey'},571,60,80,52,10.2708,1.1696e-09,9.10119e-09,3.35520e+06,592176,8994,2.97,4.16,0.93,16,12;
{'clma'},1061,128,168,85,19.6065,3.0974e-09,1.65091e-08,3.50176e+06,967980,15379,9.23,3.08,2.04,16,26;
{'des'},827,88,108,68,16.2575,1.7728e-09,1.44847e-08,5.44940e+06,774384,17055,5.14,5.68,1.97,17,16;
{'diffeq'},470,76,96,42,14.4751,2.4232e-09,1.20519e-08,1.06862e+06,478296,5281,8.52,1.28,0.5,18,14;
{'dsip'},681,60,80,59,11.7105,1.1576e-09,1.05529e-08,3.35520e+06,671892,12796,11.47,4.42,1.31,16,12;
{'elliptic'},100,48,64,8,8.80804,1.3206e-09,7.48744e-09,186999,91104,428,1.49,0.24,0.05,16,10;
{'ex1010'},653,108,144,62,16.2032,1.849e-09,1.43542e-08,1.98773e+06,706056,10947,6.62,1.66,1.43,16,22;
{'ex5p'},386,100,136,30,14.9484,1.4086e-09,1.35398e-08,1.12043e+06,341640,5019,2.83,0.97,0.6,16,20;
{'frisc'},1755,140,180,158,30.4296,4.5722e-09,2.58574e-08,6.08336e+06,1.7993e+06,32685,32.66,5.48,3.74,16,28;
{'misex3'},418,84,104,34,15.9258,1.6826e-09,1.42432e-08,880093,387192,4696,3.44,0.92,0.66,16,16;
{'pdc'},1408,144,184,117,22.3622,2.6094e-09,1.97528e-08,4.49979e+06,1.3324e+06,26672,12.64,3.54,3.54,16,28;
{'s298'},18,20,20,2,9.32062,4.11199e-10,8.90942e-09,38154.0,22776,105,0.1,0.12,0.02,16,4;
{'s38417'},2185,92,128,183,16.629,2.359e-09,1.427e-08,5.11824e+06,2.084e+06,24367,22.25,6.63,2.25,16,20;
{'s38584.1'},2054,112,148,167,15.2826,2.3942e-09,1.28884e-08,4.94220e+06,1.9018e+06,24629,19.09,6.29,2.47,16,22;
{'seq'},681,128,168,58,16.7898,1.7788e-09,1.5011e-08,2.32265e+06,660504,10834,5.69,1.77,1.56,16,26;
{'spla'},1376,156,208,112,24.71,2.9276e-09,2.17824e-08,4.99631e+06,1.27546e+06,27299,12.39,3.58,3.76,16,32;
{'tseng'},654,88,108,46,15.4668,2.631e-09,1.28358e-08,1.17564e+06,523848,5928,7.74,1.6,0.54,16,16;
];
