mdata = [
%standard,LUTs,fix_route_chan_width,Netlistclbblocks:,Finalcriticalpath:,Totallogicdelay:,totalnetdelay:,Totalroutingarea:,Totalusedlogicblockarea:,Totalwirelength:,Packingtook,Placementtook,Routingtook,MaximumSwitchBlockMultiplexersize:,MaximumConnectionBlockMultiplexersize:
{'alu4'},500,320,42,17.011,1.7848e-09,1.52262e-08,2.26352e+07,478296,7867,5.29,12.62,12.41,17,48;
{'apex2'},659,320,53,20.4866,2.2452e-09,1.82414e-08,2.26352e+07,603564,14227,5.22,12.17,13.34,17,48;
{'apex4'},592,320,53,19.3083,1.869e-09,1.74393e-08,2.26352e+07,603564,12828,5.87,12.07,13.25,17,48;
{'bigkey'},571,320,52,10.2585,1.1696e-09,9.08887e-09,2.26352e+07,592176,11209,3.14,13.53,13,17,48;
{'clma'},1061,320,85,19.2379,3.1816e-09,1.60563e-08,2.26352e+07,967980,18437,9.93,14.36,13.54,17,48;
{'des'},827,320,68,16.8633,1.7528e-09,1.51105e-08,2.26352e+07,774384,19841,6.06,14.6,13.18,17,48;
{'diffeq'},470,320,42,15.0727,2.7874e-09,1.22853e-08,2.26352e+07,478296,6654,9.99,13.95,11.87,17,48;
{'dsip'},681,320,59,11.3334,1.5138e-09,9.81958e-09,2.26352e+07,671892,14673,12.04,12.76,12.63,17,48;
{'elliptic'},100,320,8,10.4894,2.053e-09,8.4364e-09,2.26352e+07,91104,728,1.4,14.21,11.52,17,48;
{'ex1010'},653,320,62,17.2687,1.4026e-09,1.58661e-08,2.26352e+07,706056,14571,6.49,12.64,13.89,17,48;
{'ex5p'},386,320,30,15.8186,1.4868e-09,1.43318e-08,2.26352e+07,341640,7132,3.57,14.35,12.08,17,48;
{'frisc'},1755,320,158,29.6145,5.2726e-09,2.43419e-08,2.26352e+07,1.7993e+06,37391,32.88,13.94,15.16,17,48;
{'misex3'},418,320,34,19.0903,1.849e-09,1.72413e-08,2.26352e+07,387192,6997,3.5,12.18,12.23,17,48;
{'pdc'},1408,320,117,23.4586,2.2392e-09,2.12194e-08,2.26352e+07,1.3324e+06,32315,12.17,13.53,15.92,17,48;
{'s298'},18,320,2,3.16996,1.69e-10,3.00096e-09,2.26352e+07,22776,103,0.1,14.17,12.22,17,48;
{'s38417'},2185,320,183,16.7156,2.2748e-09,1.44408e-08,2.26352e+07,2.084e+06,27095,22.79,14.38,13.78,17,48;
{'s38584.1'},2054,320,167,16.7154,2.298e-09,1.44174e-08,2.26352e+07,1.9018e+06,28677,22.22,14.74,12.68,17,48;
{'seq'},681,320,58,17.658,1.849e-09,1.5809e-08,2.26352e+07,660504,14463,6.61,15.59,12.95,17,48;
{'spla'},1376,320,112,24.6358,2.6094e-09,2.20264e-08,2.26352e+07,1.27546e+06,32710,13.99,13.97,14.61,17,48;
{'tseng'},654,320,46,17.134,2.7152e-09,1.44188e-08,2.26352e+07,523848,7784,8.42,12.68,11.97,17,48;
];
