mdata = [
%standard,LUTs,min_route_chan_width,fix_route_chan_width,Netlistclbblocks:,Finalcriticalpath:,Totallogicdelay:,totalnetdelay:,Totalroutingarea:,Totalusedlogicblockarea:,Totalwirelength:,Packingtook,Placementtook,Routingtook,MaximumSwitchBlockMultiplexersize:,MaximumConnectionBlockMultiplexersize:
{'alu4'},500,76,96,42,17.9493,1.835e-09,1.61143e-08,1.06862e+06,478296,5702,5.89,1.2,0.86,18,14;
{'apex2'},659,100,136,53,17.1988,2.2452e-09,1.49536e-08,1.87542e+06,603564,10428,5.89,1.71,1.18,16,20;
{'apex4'},592,108,144,53,17.6675,1.863e-09,1.58045e-08,1.98773e+06,603564,10111,5.66,1.61,1.37,16,22;
{'bigkey'},571,64,84,52,10.251,1.1696e-09,9.0814e-09,3.44920e+06,592176,8975,3.17,4.13,1.03,17,12;
{'clma'},1061,128,168,85,18.2653,3.0854e-09,1.51799e-08,3.50176e+06,967980,15431,8.58,3.16,1.84,16,26;
{'des'},827,76,96,68,15.5146,1.843e-09,1.36716e-08,4.95615e+06,774384,16761,5.71,5.71,1.8,18,14;
{'diffeq'},470,80,100,42,14.3209,2.7874e-09,1.15335e-08,1.13229e+06,478296,5408,9.01,1.25,0.57,16,16;
{'dsip'},681,64,84,59,10.6115,1.5138e-09,9.09773e-09,3.44920e+06,671892,12844,11.57,4.45,1.33,17,12;
{'elliptic'},100,48,64,8,10.9114,2.053e-09,8.85837e-09,186999,91104,422,1.39,0.32,0.04,16,10;
{'ex1010'},653,128,168,62,15.5623,1.863e-09,1.36993e-08,2.32265e+06,706056,11026,6.84,1.67,1.55,16,26;
{'ex5p'},386,108,144,30,15.0567,1.4808e-09,1.35759e-08,1.18704e+06,341640,5026,3.42,0.96,0.71,16,22;
{'frisc'},1755,128,168,158,26.9969,4.9084e-09,2.20885e-08,5.72123e+06,1.7993e+06,32268,34.86,5.51,3.92,16,26;
{'misex3'},418,88,108,34,16.3253,1.4086e-09,1.49167e-08,894349,387192,4988,3.88,0.92,0.63,16,16;
{'pdc'},1408,144,184,117,23.8454,2.6094e-09,2.1236e-08,4.49979e+06,1.3324e+06,26878,12.5,3.54,3.53,16,28;
{'s298'},18,56,72,2,5.30209,1.69e-10,5.13309e-09,108270,22776,65,0.09,0.12,0.02,15,10;
{'s38417'},2185,92,128,183,16.6631,2.345e-09,1.43181e-08,5.11824e+06,2.084e+06,24179,23.1,6.67,2.4,16,20;
{'s38584.1'},2054,108,144,167,17.0583,2.038e-09,1.50203e-08,4.88446e+06,1.9018e+06,24785,19.6,6.79,2.62,16,22;
{'seq'},681,108,144,58,18.1835,1.869e-09,1.63145e-08,1.98773e+06,660504,10868,6.01,1.81,1.23,16,22;
{'spla'},1376,156,208,112,23.0039,2.6034e-09,2.04005e-08,4.99631e+06,1.27546e+06,27583,12.34,3.59,3.91,16,32;
{'tseng'},654,88,108,46,17.4591,2.7152e-09,1.47439e-08,1.17564e+06,523848,5813,8.74,1.68,0.56,16,16;
];
