mdata = [
%vpr_only,LUTs,min_route_chan_width,fix_route_chan_width,Netlistclbblocks:,Finalcriticalpath:,Totallogicdelay:,totalnetdelay:,Totalroutingarea:,Totalusedlogicblockarea:,Totalwirelength:,Packingtook,Placementtook,Routingtook,MaximumSwitchBlockMultiplexersize:,MaximumConnectionBlockMultiplexersize:
{'LU8PEEng'},22675,140,182,2165,398.104,5.84767e-08,3.39628e-07,9.07550e+07,5.2483e+07,607866,331.5,154.1,153.26,23,28;
{'bgm'},32384,128,166,3131,92.9102,1.24246e-08,8.04857e-08,1.11662e+08,4.00118e+07,796023,396.55,216.59,128.69,22,24;
{'blob_merge'},6019,114,148,542,33.0259,6.1352e-09,2.68907e-08,1.95280e+07,6.1723e+06,131572,60.91,25.61,16.41,23,22;
{'boundtop'},3054,94,122,234,25.5348,3.5838e-09,2.1951e-08,7.07299e+06,3.21279e+06,44293,23.39,11.78,5.28,24,18;
{'ch_intrinsics'},425,76,98,37,12.5219,2.633e-09,9.88889e-09,1.25683e+06,969356,5660,3.66,1.91,0.65,23,14;
{'diffeq1'},485,88,114,37,48.9682,1.5396e-08,3.35722e-08,4.21336e+06,2.40136e+06,13587,2.67,3.99,2.91,26,18;
{'diffeq2'},322,78,104,26,40.1798,1.19254e-08,2.82544e-08,3.72648e+06,2.27609e+06,9653,2.12,3.7,2.64,24,16;
{'mkDelayWorker32B'},5595,102,132,446,23.5674,3.129e-09,2.04384e-08,5.18352e+07,2.8643e+07,155667,69.49,53.47,50.32,25,20;
{'mkPktMerge'},232,80,104,16,13.5188,2.2852e-09,1.12336e-08,1.22884e+07,8.40221e+06,16586,4.36,11.74,8.06,24,16;
{'mkSMAdapter4B'},1977,90,118,165,18.0458,2.7292e-09,1.53166e-08,6.94544e+06,4.61902e+06,36149,19.97,9.16,5.82,23,18;
{'or1200'},3054,114,148,258,33.0152,9.26199e-09,2.37532e-08,1.57981e+07,4.4301e+06,76662,35.99,18.21,11.64,23,22;
{'raygentop'},2147,100,130,176,17.6414,3.1816e-09,1.44598e-08,6.84454e+06,5.32429e+06,38757,24.71,9.61,5.34,24,20;
{'sha'},2277,86,112,209,49.8751,7.92e-09,4.19551e-08,5.72884e+06,2.38009e+06,34287,35.98,7.93,4.5,26,16;
{'stereovision0'},11460,86,112,907,17.0354,2.6952e-09,1.43402e-08,2.29137e+07,1.03289e+07,129942,93.76,46.65,13.59,26,16;
{'stereovision1'},10289,118,154,946,16.2179,1.3006e-09,1.49173e-08,3.72435e+07,2.5821e+07,218933,98.38,53.72,34.12,23,24;
{'stereovision3'},180,50,66,13,9.96209,1.6888e-09,8.27329e-09,397758,148044,1431,0.77,0.63,0.22,16,10;
];
