mdata = [
%vpr_only,LUTs,fix_route_chan_width,Netlistclbblocks:,Finalcriticalpath:,Totallogicdelay:,totalnetdelay:,Totalroutingarea:,Totalusedlogicblockarea:,Totalwirelength:,Packingtook,Placementtook,Routingtook,MaximumSwitchBlockMultiplexersize:,MaximumConnectionBlockMultiplexersize:
{'LU32PEEng'},76281,320,7319,416.73,5.7582e-08,3.59148e-07,3.84263e+08,1.88095e+08,2530172,1291.44,747.68,890.83,18,48;
{'LU8PEEng'},22675,320,2165,422.075,5.71731e-08,3.64902e-07,1.20395e+08,5.2483e+07,645834,315.51,169.71,273.2,18,48;
{'bgm'},32384,320,3131,92.396,1.05028e-08,8.18932e-08,1.67330e+08,4.00118e+07,843913,389.73,219.94,243.54,18,48;
{'blob_merge'},6019,320,542,30.6631,6.031e-09,2.46321e-08,3.22430e+07,6.1723e+06,135300,59.42,30.71,32.77,18,48;
{'boundtop'},3054,320,234,24.0239,3.4676e-09,2.05563e-08,1.69522e+07,3.21279e+06,46413,21.7,15.39,14.69,18,48;
{'ch_intrinsics'},425,320,37,11.9999,2.2828e-09,9.71713e-09,4.54349e+06,969356,5930,2.97,3.01,2.93,18,48;
{'diffeq1'},485,320,37,51.1007,1.5396e-08,3.57047e-08,8.58202e+06,2.40136e+06,12576,2.29,5.43,7.59,18,48;
{'diffeq2'},322,320,26,40.2195,1.19728e-08,2.82467e-08,8.58202e+06,2.27609e+06,8939,2.12,5.69,6.93,18,48;
{'mcml'},101751,320,6837,219.457,5.03009e-08,1.69156e-07,3.62674e+08,1.76881e+08,1696018,1221.91,700.39,666.81,18,48;
{'mkDelayWorker32B'},5595,320,446,25.6539,3.123e-09,2.25309e-08,9.25370e+07,2.8643e+07,157172,68.87,67.73,85.79,18,48;
{'mkPktMerge'},232,320,16,15.7355,2.2852e-09,1.34503e-08,2.78853e+07,8.40221e+06,16020,4.11,16.45,23.4,18,48;
{'mkSMAdapter4B'},1977,320,165,17.3132,2.7352e-09,1.4578e-08,1.38451e+07,4.61902e+06,36008,17.81,11.57,14.14,18,48;
{'or1200'},3054,320,258,34.1093,9.61819e-09,2.44912e-08,4.44616e+07,4.4301e+06,82751,33.82,31.41,34.31,18,48;
{'raygentop'},2147,320,176,17.1383,3.1876e-09,1.39507e-08,2.19305e+07,5.32429e+06,43251,21.5,16.57,18.51,18,48;
{'sha'},2277,320,209,48.054,7.5438e-09,4.05102e-08,1.24233e+07,2.38009e+06,34046,35.18,10.23,10.29,18,48;
{'stereovision0'},11460,320,907,18.2346,2.8054e-09,1.54292e-08,4.94430e+07,1.03289e+07,126246,90.99,56.04,39.35,18,48;
{'stereovision1'},10289,320,946,17.7444,3.3332e-09,1.44112e-08,5.83175e+07,2.5821e+07,221111,92.83,62.4,66.58,18,48;
{'stereovision2'},29942,320,2455,76.268,6.3048e-09,6.99632e-08,2.90868e+08,1.12311e+08,1051925,204.73,281.8,294.28,18,48;
{'stereovision3'},180,320,13,8.14173,1.3326e-09,6.80913e-09,1.35278e+06,148044,920,0.78,0.91,0.69,16,48;
];
