mdata = [
%vpr_only,LUTs,min_route_chan_width,fix_route_chan_width,Netlistclbblocks:,Finalcriticalpath:,Totallogicdelay:,totalnetdelay:,Totalroutingarea:,Totalusedlogicblockarea:,Totalwirelength:,Packingtook,Placementtook,Routingtook,MaximumSwitchBlockMultiplexersize:,MaximumConnectionBlockMultiplexersize:
{'LU8PEEng'},22675,136,176,2165,413.499,5.64507e-08,3.57049e-07,8.71168e+07,5.2483e+07,611360,326.85,136.34,144.2,23,26;
{'bgm'},32384,128,166,3131,95.5767,1.33588e-08,8.22179e-08,1.11662e+08,4.00118e+07,792312,398.87,209.09,129.87,22,24;
{'blob_merge'},6019,116,150,542,31.6005,6.1352e-09,2.54653e-08,1.97886e+07,6.1723e+06,132245,59.58,26.23,16.89,23,22;
{'boundtop'},3054,98,128,234,24.9037,3.5838e-09,2.132e-08,7.44183e+06,3.21279e+06,43342,24.61,12.02,5.14,23,20;
{'ch_intrinsics'},425,90,118,37,11.9674,2.1138e-09,9.85363e-09,1.54431e+06,969356,5422,3.02,1.77,0.54,23,18;
{'diffeq1'},485,92,120,37,52.1458,1.5396e-08,3.67498e-08,4.31282e+06,2.40136e+06,13051,2.33,4.02,2.94,23,18;
{'diffeq2'},322,72,94,26,40.3483,1.20944e-08,2.82539e-08,3.41982e+06,2.27609e+06,9851,2.11,4.01,2.91,23,14;
{'mkDelayWorker32B'},5595,104,136,446,25.1827,3.129e-09,2.20537e-08,5.24331e+07,2.8643e+07,157291,68.61,53.51,47.63,23,20;
{'mkPktMerge'},232,80,104,16,12.7731,2.2852e-09,1.04879e-08,1.22884e+07,8.40221e+06,16938,4.69,11.6,4.59,24,16;
{'mkSMAdapter4B'},1977,90,118,165,17.2073,2.7152e-09,1.44921e-08,6.94544e+06,4.61902e+06,36780,18.84,9.2,5.06,23,18;
{'or1200'},3054,112,146,258,33.4976,7.3716e-09,2.6126e-08,1.56779e+07,4.4301e+06,76716,35.43,18.26,11.84,23,22;
{'raygentop'},2147,100,130,176,18.1127,2.8194e-09,1.52933e-08,6.84454e+06,5.32429e+06,39175,25.36,9.92,5.72,24,20;
{'sha'},2277,88,114,209,50.7698,7.92e-09,4.28498e-08,6.19580e+06,2.38009e+06,34178,36.38,7.92,4.08,26,18;
{'stereovision0'},11460,88,114,907,17.3066,2.8054e-09,1.45012e-08,2.48133e+07,1.03289e+07,128792,94.8,49.71,13.97,26,18;
{'stereovision1'},10289,122,158,946,17.0257,3.3332e-09,1.36925e-08,3.76600e+07,2.5821e+07,216404,96.9,54.73,37.36,23,24;
{'stereovision3'},180,50,66,13,11.4861,1.3326e-09,1.01535e-08,397758,148044,1371,0.76,0.67,0.21,16,10;
];
