mdata = [
%vpr_only,LUTs,min_route_chan_width,fix_route_chan_width,Netlistclbblocks:,Finalcriticalpath:,Totallogicdelay:,totalnetdelay:,Totalroutingarea:,Totalusedlogicblockarea:,Totalwirelength:,Packingtook,Placementtook,Routingtook,MaximumSwitchBlockMultiplexersize:,MaximumConnectionBlockMultiplexersize:
{'LU8PEEng'},22675,140,182,2165,412.076,5.88383e-08,3.53237e-07,9.07550e+07,5.2483e+07,607056,327.48,150.4,138.94,23,28;
{'bgm'},32384,128,166,3131,102.054,1.3177e-08,8.8877e-08,1.11662e+08,4.00118e+07,792109,399.12,220.72,129.17,22,24;
{'blob_merge'},6019,116,150,542,33.0766,6.1352e-09,2.69414e-08,1.97886e+07,6.1723e+06,132134,61.06,26.56,16.74,23,22;
{'boundtop'},3054,98,128,234,26.3787,3.5838e-09,2.27949e-08,7.44183e+06,3.21279e+06,44292,23.87,11.88,5.02,23,20;
{'ch_intrinsics'},425,72,94,37,12.9015,2.2828e-09,1.06187e-08,1.23221e+06,969356,5485,3.43,2,0.61,23,14;
{'diffeq1'},485,94,122,37,49.5873,1.5396e-08,3.41913e-08,4.35564e+06,2.40136e+06,13172,2.34,4.01,2.68,24,18;
{'diffeq2'},322,68,88,26,45.2116,1.2055e-08,3.31566e-08,3.26565e+06,2.27609e+06,10411,2.12,3.72,2.88,22,14;
{'mkDelayWorker32B'},5595,102,132,446,25.2432,2.7328e-09,2.25104e-08,5.18352e+07,2.8643e+07,157908,69.98,52.48,45.36,25,20;
{'mkPktMerge'},232,80,104,16,16.5859,2.2852e-09,1.43007e-08,1.22884e+07,8.40221e+06,16243,4.45,11.67,5.94,24,16;
{'mkSMAdapter4B'},1977,90,118,165,20.2488,2.7292e-09,1.75196e-08,6.94544e+06,4.61902e+06,36666,19.63,9.18,5.18,23,18;
{'or1200'},3054,110,144,258,33.7547,9.26199e-09,2.44927e-08,1.56151e+07,4.4301e+06,76840,37,18.54,10.72,23,22;
{'raygentop'},2147,100,130,176,17.3566,2.8194e-09,1.45372e-08,6.84454e+06,5.32429e+06,39297,24.62,9.96,4.95,24,20;
{'sha'},2277,86,112,209,50.4255,8.3664e-09,4.20591e-08,5.72884e+06,2.38009e+06,34735,37.41,7.86,5.22,26,16;
{'stereovision0'},11460,82,106,907,16.5671,2.8054e-09,1.37617e-08,2.20593e+07,1.03289e+07,133759,98.2,52.31,12.1,24,16;
{'stereovision1'},10289,120,156,946,17.641,3.3332e-09,1.43078e-08,3.73870e+07,2.5821e+07,217830,98.44,51.89,35,23,24;
{'stereovision3'},180,50,66,13,12.8608,1.6888e-09,1.1172e-08,397758,148044,1428,0.85,0.75,0.14,16,10;
];
