mdata = [
%standard,LUTs,fix_route_chan_width,Netlistclbblocks:,Finalcriticalpath:,Totallogicdelay:,totalnetdelay:,Totalroutingarea:,Totalusedlogicblockarea:,Totalwirelength:,Packingtook,Placementtook,Routingtook,MaximumSwitchBlockMultiplexersize:,MaximumConnectionBlockMultiplexersize:
{'alu4'},500,320,42,17.7407,1.7848e-09,1.59559e-08,2.26352e+07,478296,7826,4.84,11.87,12.47,17,48;
{'apex2'},659,320,53,18.4095,2.155e-09,1.62545e-08,2.26352e+07,603564,14721,5.17,12.18,13.48,17,48;
{'apex4'},592,320,53,18.5601,1.851e-09,1.67091e-08,2.26352e+07,603564,13047,5.59,12.34,13.29,17,48;
{'bigkey'},571,320,52,9.50615,1.1696e-09,8.33655e-09,2.26352e+07,592176,11236,3.21,13.28,13.04,17,48;
{'clma'},1061,320,85,19.9632,3.1816e-09,1.67816e-08,2.26352e+07,967980,18530,8.34,12.84,13.5,17,48;
{'des'},827,320,68,18.5714,1.863e-09,1.67084e-08,2.26352e+07,774384,19782,5.34,13.03,14.25,17,48;
{'diffeq'},470,320,42,18.0272,2.7874e-09,1.52398e-08,2.26352e+07,478296,6593,8.29,11.96,12.8,17,48;
{'dsip'},681,320,59,10.2528,1.1636e-09,9.0892e-09,2.26352e+07,671892,14379,11.58,12.66,14.28,17,48;
{'elliptic'},100,320,8,9.75073,2.053e-09,7.69773e-09,2.26352e+07,91104,764,1.41,11.65,11.41,17,48;
{'ex1010'},653,320,62,17.0538,1.861e-09,1.51928e-08,2.26352e+07,706056,14352,6.63,12.13,13.85,17,48;
{'ex5p'},386,320,30,15.1403,1.4868e-09,1.36535e-08,2.26352e+07,341640,7073,3.12,12.07,12.25,17,48;
{'frisc'},1755,320,158,28.9678,5.2726e-09,2.36952e-08,2.26352e+07,1.7993e+06,36764,32.63,13.64,14.55,17,48;
{'misex3'},418,320,34,17.9286,1.863e-09,1.60656e-08,2.26352e+07,387192,7075,3.71,11.83,12.19,17,48;
{'pdc'},1408,320,117,24.6254,2.6034e-09,2.2022e-08,2.26352e+07,1.3324e+06,32402,11.74,13,15.16,17,48;
{'s298'},18,320,2,2.86583,5.802e-10,2.28563e-09,2.26352e+07,22776,101,0.07,11.67,11.46,17,48;
{'s38417'},2185,320,183,16.2,2.4372e-09,1.37628e-08,2.26352e+07,2.084e+06,27493,22.06,14.68,13.63,17,48;
{'s38584.1'},2054,320,167,17.7201,1.7728e-09,1.59473e-08,2.26352e+07,1.9018e+06,28828,18.95,15,13.79,17,48;
{'seq'},681,320,58,17.8341,1.869e-09,1.59651e-08,2.26352e+07,660504,14348,5.7,12.2,13.05,17,48;
{'spla'},1376,320,112,24.2486,2.9596e-09,2.1289e-08,2.26352e+07,1.27546e+06,32882,11.76,13.19,15.43,17,48;
{'tseng'},654,320,46,15.0906,2.8054e-09,1.22852e-08,2.26352e+07,523848,7918,7.96,12.19,12.23,17,48;
];
