mdata = [
%standard,LUTs,fix_route_chan_width,Netlistclbblocks:,Finalcriticalpath:,Totallogicdelay:,totalnetdelay:,Totalroutingarea:,Totalusedlogicblockarea:,Totalwirelength:,Packingtook,Placementtook,Routingtook,MaximumSwitchBlockMultiplexersize:,MaximumConnectionBlockMultiplexersize:
{'alu4'},500,320,42,17.9517,1.7848e-09,1.61669e-08,2.26352e+07,478296,7928,4.82,11.94,12.45,17,48;
{'apex2'},659,320,53,19.1552,2.2332e-09,1.6922e-08,2.26352e+07,603564,14298,5.1,11.86,12.8,17,48;
{'apex4'},592,320,53,19.2791,1.851e-09,1.74281e-08,2.26352e+07,603564,12877,5.77,12.14,13.39,17,48;
{'bigkey'},571,320,52,10.9074,1.0794e-09,9.82798e-09,2.26352e+07,592176,11541,3.11,12.49,12.34,17,48;
{'clma'},1061,320,85,19.9768,3.1816e-09,1.67952e-08,2.26352e+07,967980,18674,8.13,12.53,13.41,17,48;
{'des'},827,320,68,17.4072,1.4868e-09,1.59204e-08,2.26352e+07,774384,20122,5.23,13.06,13.24,17,48;
{'diffeq'},470,320,42,14.5605,2.353e-09,1.22075e-08,2.26352e+07,478296,6634,8.26,11.97,11.93,17,48;
{'dsip'},681,320,59,10.5131,1.5078e-09,9.00531e-09,2.26352e+07,671892,14676,11.06,12.38,12.28,17,48;
{'elliptic'},100,320,8,10.4803,2.053e-09,8.42727e-09,2.26352e+07,91104,877,1.31,11.3,11.17,17,48;
{'ex1010'},653,320,62,17.2693,1.3966e-09,1.58727e-08,2.26352e+07,706056,14178,6.26,11.85,13.06,17,48;
{'ex5p'},386,320,30,15.0849,1.4026e-09,1.36823e-08,2.26352e+07,341640,6898,2.97,11.62,11.95,17,48;
{'frisc'},1755,320,158,29.0194,5.2726e-09,2.37468e-08,2.26352e+07,1.7993e+06,36890,32.66,13.81,14.71,17,48;
{'misex3'},418,320,34,16.2686,1.7848e-09,1.44838e-08,2.26352e+07,387192,6964,3.05,11.56,11.99,17,48;
{'pdc'},1408,320,117,26.2996,2.9536e-09,2.3346e-08,2.26352e+07,1.3324e+06,32259,11.7,13.21,15.77,17,48;
{'s298'},18,320,2,4.92062,4.112e-10,4.50942e-09,2.26352e+07,22776,133,0.08,11.3,11.15,17,48;
{'s38417'},2185,320,183,16.8228,2.353e-09,1.44698e-08,2.26352e+07,2.084e+06,26682,21.74,14.25,13.1,17,48;
{'s38584.1'},2054,320,167,17.3334,2.1992e-09,1.51342e-08,2.26352e+07,1.9018e+06,29082,19.08,14.52,13.45,17,48;
{'seq'},681,320,58,18.3888,1.6886e-09,1.67002e-08,2.26352e+07,660504,14810,5.5,11.89,12.8,17,48;
{'spla'},1376,320,112,25.5421,2.6034e-09,2.29387e-08,2.26352e+07,1.27546e+06,33222,11.6,13.09,15.04,17,48;
{'tseng'},654,320,46,16.408,2.7152e-09,1.36928e-08,2.26352e+07,523848,7548,8.33,12.21,11.81,17,48;
];
