mdata = [
%standard,LUTs,min_route_chan_width,fix_route_chan_width,Netlistclbblocks:,Finalcriticalpath:,Totallogicdelay:,totalnetdelay:,Totalroutingarea:,Totalusedlogicblockarea:,Totalwirelength:,Packingtook,Placementtook,Routingtook,MaximumSwitchBlockMultiplexersize:,MaximumConnectionBlockMultiplexersize:
{'alu4'},500,60,80,42,17.7499,1.7788e-09,1.59711e-08,6.06938e+06,478296,9446,4.81,8.25,3.16,17,12;
{'apex2'},659,92,128,53,19.7417,2.2332e-09,1.75085e-08,9.74732e+06,603564,15008,5.32,8.42,4.16,17,20;
{'apex4'},592,100,136,53,19.9659,1.7788e-09,1.81871e-08,1.02479e+07,603564,13940,5.43,8.41,4.12,17,20;
{'bigkey'},571,48,64,52,11.1098,1.1696e-09,9.94016e-09,5.26346e+06,592176,11882,3.09,9.13,1.89,18,10;
{'clma'},1061,92,128,85,19.893,3.0974e-09,1.67956e-08,9.74732e+06,967980,20099,8.4,9.35,4.73,17,20;
{'des'},827,60,80,68,17.9152,1.1106e-09,1.68046e-08,6.06938e+06,774384,22423,5.24,9.49,3.56,17,12;
{'diffeq'},470,60,80,42,17.1201,2.6972e-09,1.44229e-08,6.06938e+06,478296,8623,8.23,8.31,1.86,17,12;
{'dsip'},681,60,80,59,11.6339,1.0734e-09,1.05605e-08,6.06938e+06,671892,16203,11.67,9.17,2.46,17,12;
{'elliptic'},100,28,44,8,14.1469,2.053e-09,1.20939e-08,3.82951e+06,91104,1046,1.48,7.95,0.51,18,6;
{'ex1010'},653,92,128,62,18.4809,1.849e-09,1.66319e-08,9.74732e+06,706056,15654,6.6,8.63,4.22,17,20;
{'ex5p'},386,68,88,30,18.8711,1.4928e-09,1.73783e-08,6.43618e+06,341640,9357,3.03,8.25,4.56,18,14;
{'frisc'},1755,112,148,158,31.2435,5.2726e-09,2.59709e-08,1.07644e+07,1.7993e+06,42849,33.01,11.35,8.22,17,22;
{'misex3'},418,60,80,34,17.5772,1.7588e-09,1.58185e-08,6.06938e+06,387192,8434,3.25,8.2,4.31,17,12;
{'pdc'},1408,128,168,117,24.9368,2.2392e-09,2.26976e-08,1.26694e+07,1.3324e+06,34215,11.77,9.65,8.35,17,26;
{'s298'},18,32,48,2,4.27807,1.2806e-09,2.99747e-09,3.94315e+06,22776,138,0.11,8.18,0.53,19,8;
{'s38417'},2185,80,100,183,16.9451,2.4432e-09,1.45019e-08,7.96415e+06,2.084e+06,30183,22.21,11.68,4,17,16;
{'s38584.1'},2054,92,128,167,16.8879,2.3942e-09,1.44937e-08,9.74732e+06,1.9018e+06,31264,18.96,11.89,4.12,17,20;
{'seq'},681,92,128,58,17.1036,1.863e-09,1.52406e-08,9.74732e+06,660504,15658,5.72,8.75,4.19,17,20;
{'spla'},1376,140,180,112,24.6266,2.5894e-09,2.20372e-08,1.33298e+07,1.27546e+06,35536,12.26,9.66,8.5,17,28;
{'tseng'},654,60,80,46,17.282,2.7734e-09,1.45086e-08,6.06938e+06,523848,9480,7.92,8.85,1.96,17,12;
];
