mdata = [
%standard,LUTs,min_route_chan_width,fix_route_chan_width,Netlistclbblocks:,Finalcriticalpath:,Totallogicdelay:,totalnetdelay:,Totalroutingarea:,Totalusedlogicblockarea:,Totalwirelength:,Packingtook,Placementtook,Routingtook,MaximumSwitchBlockMultiplexersize:,MaximumConnectionBlockMultiplexersize:
{'alu4'},500,64,84,42,19.0496,1.7788e-09,1.72708e-08,6.27682e+06,478296,9172,4.53,8.36,2.08,18,12;
{'apex2'},659,92,128,53,19.0235,2.2452e-09,1.67783e-08,9.74732e+06,603564,14149,5.17,8.59,3.6,17,20;
{'apex4'},592,92,128,53,20.3048,1.3966e-09,1.89082e-08,9.74732e+06,603564,14250,5.32,8.52,5.8,17,20;
{'bigkey'},571,48,64,52,9.52855,1.1696e-09,8.35895e-09,5.26346e+06,592176,12026,3.1,9,1.55,18,10;
{'clma'},1061,92,128,85,20.8255,3.1696e-09,1.76559e-08,9.74732e+06,967980,20580,8.4,9.38,4.29,17,20;
{'des'},827,60,80,68,18.1012,1.4928e-09,1.66084e-08,6.06938e+06,774384,21594,5.25,9.51,2.74,17,12;
{'diffeq'},470,60,80,42,16.43,2.7874e-09,1.36426e-08,6.06938e+06,478296,8683,8.25,8.37,1.85,17,12;
{'dsip'},681,48,64,59,12.0889,1.5138e-09,1.05751e-08,5.26346e+06,671892,16266,12.15,9.3,2.58,18,10;
{'elliptic'},100,32,48,8,13.4044,2.053e-09,1.13514e-08,3.94315e+06,91104,1057,1.4,8.05,0.7,19,8;
{'ex1010'},653,92,128,62,17.8339,1.869e-09,1.59649e-08,9.74732e+06,706056,15710,6.45,8.61,4.32,17,20;
{'ex5p'},386,68,88,30,18.7667,1.4026e-09,1.73641e-08,6.43618e+06,341640,10017,3.03,8.36,3.11,18,14;
{'frisc'},1755,128,168,158,30.4025,4.9284e-09,2.54741e-08,1.26694e+07,1.7993e+06,40608,33.35,11.21,7.1,17,26;
{'misex3'},418,68,88,34,18.8512,1.4868e-09,1.73644e-08,6.43618e+06,387192,8772,3.18,8.29,2.47,18,14;
{'pdc'},1408,128,168,117,26.1114,2.6154e-09,2.3496e-08,1.26694e+07,1.3324e+06,35161,11.64,9.73,7.76,17,26;
{'s298'},18,32,48,2,4.71528,1.69e-10,4.54628e-09,3.94315e+06,22776,152,0.1,8.17,0.55,19,8;
{'s38417'},2185,80,100,183,16.4108,2.065e-09,1.43458e-08,7.96415e+06,2.084e+06,30775,22.12,11.94,4.29,17,16;
{'s38584.1'},2054,84,104,167,18.6593,1.898e-09,1.67613e-08,8.15174e+06,1.9018e+06,33632,18.69,11.76,4.41,18,16;
{'seq'},681,92,128,58,17.8221,1.857e-09,1.59651e-08,9.74732e+06,660504,15745,5.51,8.72,4.09,17,20;
{'spla'},1376,140,180,112,24.4475,2.429e-09,2.20185e-08,1.33298e+07,1.27546e+06,36946,11.75,9.75,12.38,17,28;
{'tseng'},654,60,80,46,17.2402,2.7874e-09,1.44528e-08,6.06938e+06,523848,9890,7.99,8.67,1.71,17,12;
];
