mdata = [
%standard,LUTs,min_route_chan_width,fix_route_chan_width,Netlistclbblocks:,Finalcriticalpath:,Totallogicdelay:,totalnetdelay:,Totalroutingarea:,Totalusedlogicblockarea:,Totalwirelength:,Packingtook,Placementtook,Routingtook,MaximumSwitchBlockMultiplexersize:,MaximumConnectionBlockMultiplexersize:
{'alu4'},500,60,80,42,18.4785,1.7848e-09,1.66937e-08,6.06938e+06,478296,9727,4.8,8.56,3.2,17,12;
{'apex2'},659,92,128,53,19.6612,2.155e-09,1.75062e-08,9.74732e+06,603564,15180,5.13,8.57,3.92,17,20;
{'apex4'},592,100,136,53,19.2937,1.863e-09,1.74307e-08,1.02479e+07,603564,13708,5.74,8.56,4.18,17,20;
{'bigkey'},571,48,64,52,9.52867,1.1696e-09,8.35907e-09,5.26346e+06,592176,11688,2.99,8.98,1.62,18,10;
{'clma'},1061,92,128,85,20.6999,3.1816e-09,1.75183e-08,9.74732e+06,967980,20210,8.43,9.33,5.02,17,20;
{'des'},827,60,80,68,18.7119,2.1872e-09,1.65247e-08,6.06938e+06,774384,21137,5.34,9.58,2.98,17,12;
{'diffeq'},470,60,80,42,15.3699,2.4232e-09,1.29467e-08,6.06938e+06,478296,8587,8.24,8.45,1.89,17,12;
{'dsip'},681,60,80,59,11.083,1.864e-09,9.21899e-09,6.06938e+06,671892,15947,11.68,9.29,2.36,17,12;
{'elliptic'},100,32,48,8,13.8181,1.6968e-09,1.21213e-08,3.94315e+06,91104,957,1.4,8.09,0.58,19,8;
{'ex1010'},653,92,128,62,18.9811,1.4928e-09,1.74883e-08,9.74732e+06,706056,15815,6.46,8.82,4.27,17,20;
{'ex5p'},386,68,88,30,18.2439,1.4988e-09,1.67451e-08,6.43618e+06,341640,9980,2.93,8.36,3.94,18,14;
{'frisc'},1755,128,168,158,27.1727,4.9224e-09,2.22503e-08,1.26694e+07,1.7993e+06,41037,32.83,11.34,7.45,17,26;
{'misex3'},418,64,84,34,17.8463,1.863e-09,1.59833e-08,6.27682e+06,387192,8512,3.22,8.51,2.27,18,12;
{'pdc'},1408,128,168,117,23.5748,2.9276e-09,2.06472e-08,1.26694e+07,1.3324e+06,34948,11.72,9.68,7.75,17,26;
{'s298'},18,32,48,2,4.27807,1.2806e-09,2.99747e-09,3.94315e+06,22776,147,0.08,8.22,0.42,19,8;
{'s38417'},2185,80,100,183,16.9447,2.4432e-09,1.45015e-08,7.96415e+06,2.084e+06,30128,22.86,11.5,4.16,17,16;
{'s38584.1'},2054,92,128,167,15.9537,2.2078e-09,1.37459e-08,9.74732e+06,1.9018e+06,30690,19.1,12.01,4.33,17,20;
{'seq'},681,92,128,58,19.325,1.869e-09,1.7456e-08,9.74732e+06,660504,16113,5.75,8.69,3.75,17,20;
{'spla'},1376,140,180,112,25.3864,2.6034e-09,2.2783e-08,1.33298e+07,1.27546e+06,36311,12.17,9.73,8.33,17,28;
{'tseng'},654,60,80,46,15.8241,2.7994e-09,1.30247e-08,6.06938e+06,523848,9408,7.94,8.7,2,17,12;
];
