mdata = [
%vpr_only,LUTs,min_route_chan_width,fix_route_chan_width,Netlistclbblocks:,Finalcriticalpath:,Totallogicdelay:,totalnetdelay:,Totalroutingarea:,Totalusedlogicblockarea:,Totalwirelength:,Packingtook,Placementtook,Routingtook,MaximumSwitchBlockMultiplexersize:,MaximumConnectionBlockMultiplexersize:
{'LU8PEEng'},22675,140,182,2165,400.606,5.65189e-08,3.44087e-07,9.07240e+07,5.2483e+07,609399,328.18,156.86,143.05,20,28;
{'bgm'},32384,130,170,3131,93.7144,1.04132e-08,8.33012e-08,1.19550e+08,4.00118e+07,789425,403.35,211.65,131.08,20,26;
{'blob_merge'},6019,114,148,542,39.6744,6.1352e-09,3.35392e-08,1.94673e+07,6.1723e+06,130834,59.73,26.22,16.22,19,22;
{'boundtop'},3054,90,118,234,28.4249,3.5838e-09,2.48411e-08,8.52782e+06,3.21279e+06,46674,24.36,12.96,5.4,22,18;
{'ch_intrinsics'},425,70,92,37,14.1907,2.1138e-09,1.20769e-08,1.74533e+06,969356,6356,2.8,2.28,0.66,22,14;
{'diffeq1'},485,68,88,37,52.933,1.60182e-08,3.69148e-08,3.23910e+06,2.40136e+06,14515,2.33,4.06,2.28,21,14;
{'diffeq2'},322,60,78,26,44.0122,1.2224e-08,3.17882e-08,2.93262e+06,2.27609e+06,10395,2.1,3.73,2.5,23,12;
{'mkDelayWorker32B'},5595,106,138,446,24.8964,3.8354e-09,2.1061e-08,5.28442e+07,2.8643e+07,157963,69.04,52.9,34.76,20,20;
{'mkPktMerge'},232,60,78,16,15.8468,2.2852e-09,1.35616e-08,9.73075e+06,8.40221e+06,16714,4.29,11.9,3.65,23,12;
{'mkSMAdapter4B'},1977,90,118,165,17.9231,2.8054e-09,1.51177e-08,6.90452e+06,4.61902e+06,36440,17.89,9.05,5.36,22,18;
{'or1200'},3054,104,136,258,33.2401,6.29019e-09,2.69499e-08,2.51210e+07,4.4301e+06,86130,34.84,25.26,14.86,20,20;
{'raygentop'},2147,90,118,176,16.6596,2.8194e-09,1.38402e-08,1.10419e+07,5.32429e+06,44179,22.53,13.38,6.24,22,18;
{'sha'},2277,82,106,209,52.8654,7.926e-09,4.49394e-08,5.47376e+06,2.38009e+06,34545,35.43,7.81,3.97,21,16;
{'stereovision0'},11460,86,112,907,16.5665,2.8054e-09,1.37611e-08,2.28753e+07,1.03289e+07,131816,95.55,47.82,12.96,22,16;
{'stereovision1'},10289,120,156,946,17.4639,3.3332e-09,1.41307e-08,3.73500e+07,2.5821e+07,217840,99.69,51.7,32.37,20,24;
{'stereovision3'},180,46,60,13,11.2229,1.5986e-09,9.62428e-09,369573,148044,1414,0.76,0.69,0.14,16,10;
];
