mdata = [
%vpr_only,LUTs,min_route_chan_width,fix_route_chan_width,Netlistclbblocks:,Finalcriticalpath:,Totallogicdelay:,totalnetdelay:,Totalroutingarea:,Totalusedlogicblockarea:,Totalwirelength:,Packingtook,Placementtook,Routingtook,MaximumSwitchBlockMultiplexersize:,MaximumConnectionBlockMultiplexersize:
{'LU8PEEng'},22675,138,180,2165,408.814,5.95875e-08,3.49226e-07,9.01790e+07,5.2483e+07,607416,332.26,154.88,139.75,20,28;
{'bgm'},32384,130,170,3131,97.5076,1.26846e-08,8.4823e-08,1.19550e+08,4.00118e+07,786888,410.97,203.97,155.68,20,26;
{'blob_merge'},6019,118,154,542,33.0762,6.1352e-09,2.6941e-08,2.05391e+07,6.1723e+06,131576,61.06,26.62,16.36,20,24;
{'boundtop'},3054,88,114,234,24.9709,3.5898e-09,2.13811e-08,8.40916e+06,3.21279e+06,46320,23.52,12.55,5.28,22,18;
{'ch_intrinsics'},425,62,80,37,13.4745,2.1138e-09,1.13607e-08,1.53929e+06,969356,6695,3.01,2.28,0.57,20,12;
{'diffeq1'},485,78,102,37,48.8469,1.60182e-08,3.28287e-08,3.65487e+06,2.40136e+06,13830,2.65,4.03,2.79,21,16;
{'diffeq2'},322,82,106,26,40.1651,1.20944e-08,2.80707e-08,3.71908e+06,2.27609e+06,9681,2.11,3.89,2.48,21,16;
{'mkDelayWorker32B'},5595,110,144,446,25.1581,3.0292e-09,2.21289e-08,5.55825e+07,2.8643e+07,156615,69.41,53.56,36.57,19,22;
{'mkPktMerge'},232,56,72,16,12.1554,2.2852e-09,9.87017e-09,9.00204e+06,8.40221e+06,17271,4.73,11.6,5.76,22,10;
{'mkSMAdapter4B'},1977,94,122,165,18.7611,2.7292e-09,1.60319e-08,7.02680e+06,4.61902e+06,36242,19.01,9.17,5.2,21,18;
{'or1200'},3054,106,138,258,34.1421,8.91179e-09,2.52303e-08,2.53260e+07,4.4301e+06,84335,35.16,24.96,15.85,20,20;
{'raygentop'},2147,82,106,176,18.5056,3.1876e-09,1.5318e-08,9.68021e+06,5.32429e+06,46075,24.4,12.81,7.17,21,16;
{'sha'},2277,92,120,209,48.7049,8.18e-09,4.05248e-08,6.29478e+06,2.38009e+06,33146,37.58,8.09,3.53,20,18;
{'stereovision0'},11460,86,112,907,17.9754,2.625e-09,1.53504e-08,2.28753e+07,1.03289e+07,130546,95.2,45.33,12.3,22,16;
{'stereovision1'},10289,118,154,946,16.7533,3.3332e-09,1.34201e-08,3.72174e+07,2.5821e+07,219477,98.47,57.87,34.21,20,24;
{'stereovision3'},180,50,66,13,11.2689,1.6888e-09,9.58011e-09,387702,148044,1390,0.75,0.67,0.17,16,10;
];
