mdata = [
%vpr_only,LUTs,min_route_chan_width,fix_route_chan_width,Netlistclbblocks:,Finalcriticalpath:,Totallogicdelay:,totalnetdelay:,Totalroutingarea:,Totalusedlogicblockarea:,Totalwirelength:,Packingtook,Placementtook,Routingtook,MaximumSwitchBlockMultiplexersize:,MaximumConnectionBlockMultiplexersize:
{'LU8PEEng'},22675,140,182,2165,404.002,5.61508e-08,3.47851e-07,9.07240e+07,5.2483e+07,612120,326.07,146.37,146.92,20,28;
{'bgm'},32384,130,170,3131,91.948,1.23444e-08,7.96036e-08,1.19550e+08,4.00118e+07,781933,395.35,224.22,127.64,20,26;
{'blob_merge'},6019,114,148,542,35.2702,6.1352e-09,2.9135e-08,1.94673e+07,6.1723e+06,130799,58.91,24.76,16,19,22;
{'boundtop'},3054,90,118,234,24.8876,3.5838e-09,2.13038e-08,8.52782e+06,3.21279e+06,45905,22.72,12.82,5.77,22,18;
{'ch_intrinsics'},425,74,96,37,13.4611,2.1138e-09,1.13473e-08,1.77672e+06,969356,6220,2.98,2.25,0.67,22,14;
{'diffeq1'},485,86,112,37,49.0125,1.61872e-08,3.28253e-08,3.86885e+06,2.40136e+06,13341,2.32,4.23,2.45,22,16;
{'diffeq2'},322,70,92,26,42.1048,1.25508e-08,2.9554e-08,3.35490e+06,2.27609e+06,10131,2.09,3.74,2.2,22,14;
{'mkDelayWorker32B'},5595,106,138,446,24.1996,3.103e-09,2.10966e-08,5.28442e+07,2.8643e+07,155820,68.09,51.64,36.42,20,20;
{'mkPktMerge'},232,56,72,16,12.8821,2.2852e-09,1.05969e-08,9.00204e+06,8.40221e+06,16679,4.93,11.71,5.06,22,10;
{'mkSMAdapter4B'},1977,90,118,165,18.0356,2.7352e-09,1.53004e-08,6.90452e+06,4.61902e+06,36402,19.75,9.18,4.68,22,18;
{'or1200'},3054,110,144,258,33.4967,7.3716e-09,2.61251e-08,2.66399e+07,4.4301e+06,83551,35.58,25.16,13.1,19,22;
{'raygentop'},2147,90,118,176,16.6597,2.8194e-09,1.38403e-08,1.10419e+07,5.32429e+06,44308,24.21,12.68,6.54,22,18;
{'sha'},2277,90,118,209,51.3031,7.7396e-09,4.35635e-08,6.24265e+06,2.38009e+06,33613,37.52,8.2,3.63,22,18;
{'stereovision0'},11460,82,106,907,19.3076,2.6952e-09,1.66124e-08,2.20041e+07,1.03289e+07,133600,96.36,50.31,14.61,21,16;
{'stereovision1'},10289,118,154,946,16.9014,3.3332e-09,1.35682e-08,3.72174e+07,2.5821e+07,216584,100.06,54.35,31.8,20,24;
{'stereovision3'},180,50,66,13,11.2539,1.6888e-09,9.56513e-09,387702,148044,1403,0.77,0.68,0.17,16,10;
];
