mdata = [
%vpr_only,LUTs,fix_route_chan_width,Netlistclbblocks:,Finalcriticalpath:,Totallogicdelay:,totalnetdelay:,Totalroutingarea:,Totalusedlogicblockarea:,Totalwirelength:,Packingtook,Placementtook,Routingtook,MaximumSwitchBlockMultiplexersize:,MaximumConnectionBlockMultiplexersize:
{'LU32PEEng'},76281,320,7319,415.712,5.80698e-08,3.57642e-07,3.84263e+08,1.88095e+08,2540050,1303.27,841.81,952,18,48;
{'LU8PEEng'},22675,320,2165,395.12,5.72317e-08,3.37888e-07,1.20395e+08,5.2483e+07,636251,317.99,167.88,287.65,18,48;
{'bgm'},32384,320,3131,93.6327,1.1145e-08,8.24878e-08,1.67330e+08,4.00118e+07,836346,390.8,231.08,263,18,48;
{'blob_merge'},6019,320,542,31.9704,5.791e-09,2.61794e-08,3.22430e+07,6.1723e+06,135642,58.36,30.47,32.17,18,48;
{'boundtop'},3054,320,234,22.7269,3.5898e-09,1.91371e-08,1.69522e+07,3.21279e+06,45576,22.65,15.35,15.12,18,48;
{'ch_intrinsics'},425,320,37,12.5852,2.1138e-09,1.04714e-08,4.54349e+06,969356,5985,2.96,3,3.08,18,48;
{'diffeq1'},485,320,37,48.0706,1.60182e-08,3.20524e-08,8.58202e+06,2.40136e+06,11991,2.31,5.42,7.11,18,48;
{'diffeq2'},322,320,26,39.644,1.21418e-08,2.75022e-08,8.58202e+06,2.27609e+06,8949,2.08,5.05,6.48,18,48;
{'mcml'},101751,320,6837,220.694,5.03651e-08,1.70329e-07,3.62674e+08,1.76881e+08,1668759,1213.14,742.83,637.32,18,48;
{'mkDelayWorker32B'},5595,320,446,23.6903,3.129e-09,2.05613e-08,9.25370e+07,2.8643e+07,155245,68.3,69.2,93.04,18,48;
{'mkPktMerge'},232,320,16,14.5169,2.2852e-09,1.22317e-08,2.78853e+07,8.40221e+06,15924,4.39,16.55,23.95,18,48;
{'mkSMAdapter4B'},1977,320,165,17.2992,2.7292e-09,1.457e-08,1.38451e+07,4.61902e+06,35434,17.64,11.36,13.6,18,48;
{'or1200'},3054,320,258,34.0935,9.6122e-09,2.44813e-08,4.44616e+07,4.4301e+06,83095,34.62,31.99,34.98,18,48;
{'raygentop'},2147,320,176,16.2877,3.1876e-09,1.31001e-08,2.19305e+07,5.32429e+06,43002,21.87,16.72,18.2,18,48;
{'sha'},2277,320,209,47.2101,7.5378e-09,3.96723e-08,1.24233e+07,2.38009e+06,33461,35.11,10.25,9.94,18,48;
{'stereovision0'},11460,320,907,16.477,2.7152e-09,1.37618e-08,4.94430e+07,1.03289e+07,128338,92.51,56.57,39.09,18,48;
{'stereovision1'},10289,320,946,15.4251,3.3332e-09,1.20919e-08,5.83175e+07,2.5821e+07,221577,93.61,60.49,68.18,18,48;
{'stereovision2'},29942,320,2455,65.3433,8.494e-09,5.68492e-08,2.90868e+08,1.12311e+08,1032334,208.84,285.15,309.13,18,48;
{'stereovision3'},180,320,13,8.5089,1.6888e-09,6.8201e-09,1.35278e+06,148044,1015,0.75,0.86,0.69,16,48;
];
