
% SRAM MUX 2 with single inverter  - input patterns from 1 to 4
leakage_sram_mux2 = [59.2866e-9, 76.63e-9, 71.69e-9, 46.1785e-9];

% RRAM MUX 2 - input patterns from 1 to 4, and rhrs from 10MOhm to 100MOhm
leakage_rram_mux2 = [
68.1011e-9, 145.0789e-9, 147.5957e-9, 62.6539e-9; % R_{HRS} = 10MOhm 
68.1011e-9, 104.6196e-9, 107.1278e-9, 62.6539e-9; % R_{HRS} = 20MOhm 
68.1011e-9, 91.1259e-9, 93.63e-9, 62.6539e-9; % R_{HRS} = 30MOhm 
68.1011e-9, 84.3777e-9, 86.8816e-9, 62.6539e-9; % R_{HRS} = 40MOhm 
68.1011e-9, 80.3283e-9, 82.8314e-9, 62.6539e-9; % R_{HRS} = 50MOhm 
68.1011e-9, 77.6286e-9, 80.1311e-9, 62.6539e-9; % R_{HRS} = 60MOhm 
68.1011e-9, 75.7001e-9, 78.2022e-9, 62.6539e-9; % R_{HRS} = 70MOhm 
68.1011e-9, 74.2537e-9, 76.7555e-9, 62.6539e-9; % R_{HRS} = 80MOhm 
68.1011e-9, 73.1287e-9, 75.63e-9, 62.6539e-9; % R_{HRS} = 90MOhm 
68.1011e-9, 72.2286e-9, 74.73e-9, 62.6539e-9; % R_{HRS} = 100MOhm 
];

% SRAM MUX 2 with tapbuf (3 stages, logical_effort=4) - input patterns from 1 to 4
leakage_sram_mux2_tapbuf = [154.9410e-9, 172.2794e-9, 167.5356e-9, 142.0253e-9];

% RRAM MUX 2 - input patterns from 1 to 4, and rhrs from 10MOhm to 100MOhm
leakage_rram_mux2_tapbuf = [
175.8907e-9, 252.8685e-9, 252.7787e-9, 167.8368e-9; % R_{HRS} = 10MOhm 
175.8907e-9, 212.4092e-9, 212.3108e-9, 167.8368e-9; % R_{HRS} = 20MOhm 
175.8907e-9, 198.9155e-9, 198.8142e-9, 167.8368e-9; % R_{HRS} = 30MOhm 
175.8907e-9, 192.1673e-9, 192.0646e-9, 167.8368e-9; % R_{HRS} = 40MOhm 
175.8907e-9, 188.1179e-9, 188.0144e-9, 167.8368e-9; % R_{HRS} = 50MOhm 
175.8907e-9, 185.4182e-9, 185.3140e-9, 167.8368e-9; % R_{HRS} = 60MOhm 
175.8907e-9, 183.4897e-9, 183.3851e-9, 167.8368e-9; % R_{HRS} = 70MOhm 
175.8907e-9, 182.0433e-9, 181.9384e-9, 167.8368e-9; % R_{HRS} = 80MOhm 
175.8907e-9, 180.9183e-9, 180.8132e-9, 167.8368e-9; % R_{HRS} = 90MOhm 
175.8907e-9, 180.0182e-9, 179.9129e-9, 167.8368e-9; % R_{HRS} = 100MOhm 
];

% SRAM FPGA - Columns reprensent : LUT, FF, Local Routing, CLB, CB, SB, SRAM, Total
leakage_sram_fpga(1,:,:) = [
1.05e-3, 5.76e-12, 2.48e-3, 3.53e-3, 1.14e-3, 1.85e-3, 3.07e-3, 6.53e-3; % alu4
1.33e-3, 7.29e-12, 3.18e-3, 4.52e-3, 1.45e-3, 2.36e-3, 3.89e-3, 8.33e-3; % apex2
1.05e-3, 5.76e-12, 2.52e-3, 3.57e-3, 1.16e-3, 1.93e-3, 3.11e-3, 6.65e-3; % apex4 
4.21e-3, 2.30e-11, 9.05e-3, 1.33e-2, 4.06e-3, 6.65e-3, 1.19e-2, 2.40e-2; % des
1.07e-3, 5.76e-12, 2.48e-3, 3.56e-3, 1.13e-3, 1.83e-3, 3.07e-3, 6.51e-3; % diffeq
6.11e-4, 3.24e-12, 1.32e-3, 1.93e-3, 6.31e-4, 1.02e-3, 1.73e-3, 3.58e-3; % elliptic
8.02e-4, 4.41e-12, 1.95e-3, 2.75e-3, 9.16e-4, 1.47e-3, 2.40e-3, 5.14e-3; % ex5p 
1.33e-3, 7.29e-12, 3.05e-3, 4.38e-3, 1.40e-3, 2.37e-3, 3.88e-3, 8.15e-3; % ex1010
8.04e-4, 4.41e-12, 1.90e-3, 2.70e-3, 8.77e-4, 1.43e-3, 2.36e-3, 5.00e-3; % misex3
3.23e-3, 1.76e-11, 6.90e-3, 1.01e-2, 3.26e-3, 5.32e-3, 9.14e-3, 1.87e-2; % bigkey
1.62e-3, 9.00e-12, 3.77e-3, 5.39e-3, 1.74e-3, 2.83e-3, 4.76e-3, 9.96e-3; % dsip
6.61e-5, 3.60e-13, 1.35e-4, 2.01e-4, 7.97e-5, 1.12e-4, 2.04e-4, 3.92e-4; % s298
];

dynamic_sram_fpga(1,:,:) = [
1.73e-3, 6.92e-12, 4.87e-3, 6.60e-3, 2.11e-3, 4.24e-3, 3.71e-3, 1.29e-2; % alu4
2.05e-3, 8.76e-12, 5.90e-3, 7.95e-3, 2.73e-3, 5.81e-3, 4.73e-3, 1.65e-2; % apex2
1.62e-3, 6.92e-12, 4.56e-3, 6.18e-3, 2.02e-3, 4.11e-3, 3.73e-3, 1.23e-2; % apex4
5.98e-3, 2.77e-11, 1.61e-2, 2.21e-2, 7.80e-3, 1.92e-2, 1.47e-2, 4.90e-2; % des
1.49e-3, 6.91e-12, 3.79e-3, 5.28e-3, 1.67e-3, 3.30e-3, 3.71e-3, 1.03e-2; % diffeq
9.03e-4, 3.89e-12, 2.19e-3, 3.10e-3, 9.69e-4, 1.74e-3, 2.11e-3, 5.81e-3; % elliptic
1.34e-3, 5.30e-12, 3.94e-3, 5.28e-3, 1.69e-3, 3.59e-3, 2.80e-3, 1.06e-2; % ex5p
1.98e-3, 8.76e-12, 5.27e-3, 7.25e-3, 2.31e-3, 4.60e-3, 4.67e-3, 1.42e-2; % ex1010 
1.33e-3, 5.30e-12, 3.76e-3, 5.09e-3, 1.61e-3, 3.43e-3, 2.86e-3, 1.01e-2; % misex3
5.35e-3, 1.84e-11, 1.59e-2, 2.12e-2, 8.12e-3, 2.34e-2, 9.16e-3, 5.28e-2; % bigkey
1.65e-3, 9.05e-12, 3.93e-3, 5.58e-3, 1.79e-3, 2.93e-3, 4.76e-3, 1.03e-2; % dsip
1.48e-4, 3.12e-13, 5.83e-4, 7.31e-4, 2.26e-4, 6.67e-4, 1.86e-4, 1.62e-3; % s298
];

% RRAM FPGA - Columns reprensent : LUT, FF, Local Routing, CLB, CB, SB, SRAM, Total
% RHRS=10MOhm
leakage_rram_fpga(1,:,:) = [
1.04e-3, 5.76e-12, 6.35e-3, 7.39e-3, 1.93e-3, 3.35e-3, 5.53e-4, 1.27e-2; % alu4
1.32e-3, 7.29e-12, 8.99e-3, 1.03e-2, 2.56e-3, 4.55e-3, 6.91e-4, 1.74e-2; % apex2
1.04e-3, 5.76e-12, 7.36e-3, 8.40e-3, 2.29e-3, 3.84e-3, 5.53e-4, 1.45e-2; % apex4
4.03e-3, 2.30e-11, 1.44e-2, 1.85e-2, 4.48e-3, 8.20e-3, 2.30e-3, 3.11e-2; % des
1.07e-3, 5.76e-12, 6.44e-3, 7.51e-3, 1.83e-3, 3.26e-3, 5.52e-4, 1.26e-2; % diffeq
6.06e-4, 3.24e-12, 2.98e-3, 3.58e-3, 9.59e-4, 1.73e-3, 3.09e-4, 6.27e-3; % elliptic
7.93e-4, 4.41e-12, 5.98e-3, 6.77e-3, 1.67e-3, 2.85e-3, 4.26e-4, 1.13e-2; % ex5p
1.31e-3, 7.29e-12, 8.60e-3, 9.91e-3, 2.78e-3, 4.70e-3, 7.04e-4, 1.74e-2; % ex1010
7.98e-4, 4.41e-12, 5.41e-3, 6.20e-3, 1.55e-3, 2.79e-3, 4.20e-4, 1.05e-2; % misex3
3.08e-3, 1.76E-11, 1.32e-2, 1.63e-2, 4.22e-3, 6.48e-3, 1.77e-3, 2.70e-2; % bigkey
1.61e-3, 9.00e-12, 1.04e-2, 1.20e-2, 2.80e-3, 4.80e-3, 8.65e-4, 1.96e-2;  % dsip
6.38e-5, 3.60e-13, 1.74e-4, 2.38e-4, 5.41e-5, 9.44e-5, 3.54e-5, 3.86e-4;  % s298
];

% RHRS=20MOhm
leakage_rram_fpga(2,:,:) = [
1.04e-3, 5.76e-12, 4.14e-3, 5.18e-3, 1.25e-3, 2.17e-3, 5.53e-4, 8.60e-3; %
1.32e-3, 7.29e-12, 5.72e-3, 7.04e-3, 1.63e-3, 2.90e-3, 6.91e-4, 1.16e-2; %
1.04e-3, 5.76e-12, 4.63e-3, 5.67e-3, 1.41e-3, 2.41e-3, 5.53e-4, 9.49e-3; %
4.03e-3, 2.30e-11, 1.13e-2, 1.53e-2, 3.31e-3, 6.06e-3, 2.30e-3, 2.47e-2; %
1.07e-3, 5.76e-12, 4.22e-3, 5.29e-3, 1.21e-3, 2.14e-3, 5.52e-4, 8.63e-3; %
6.06e-4, 3.24e-12, 2.04e-3, 2.65e-3, 6.40e-4, 1.15e-3, 3.09e-4, 4.44e-3; %
7.93e-4, 4.41e-12, 3.71e-3, 4.50e-3, 1.05e-3, 1.80e-3, 4.26e-4, 7.35e-3; %
1.31e-3, 7.29e-12, 5.51e-3, 6.83e-3, 1.73e-3, 2.97e-3, 7.04e-4, 1.15e-2; %
7.98e-4, 4.41e-12, 3.42e-3, 4.22e-3, 9.89e-4, 1.78e-3, 4.20e-4, 6.99e-3; %
3.08e-3, 1.76e-11, 9.65e-3, 1.27e-2, 2.97e-3, 4.74e-3, 1.77e-3, 2.05e-2; %
1.61e-3, 9.00e-12, 6.73e-3, 8.33e-3, 1.83e-3, 3.17e-3, 8.65e-4, 1.33e-2; % dsip
6.38e-5, 3.60e-13, 1.52e-4, 2.15e-4, 4.92e-5, 8.25e-5, 3.54e-5, 3.47e-4;  % s298
];

% RHRS=30MOhm
leakage_rram_fpga(3,:,:) = [
1.04e-3, 5.76e-12, 3.40e-3, 4.44e-3, 1.02e-3, 1.78e-3, 5.53e-4, 7.24e-3; %
1.32e-3, 7.29e-12, 4.60e-3, 5.92e-3, 1.32e-3, 2.35e-3, 6.91e-4, 9.58e-3; %
1.04e-3, 5.76e-12, 3.71e-3, 4.75e-3, 1.12e-3, 1.93e-3, 5.53e-4, 7.80e-3; %
4.03e-3, 2.30e-11, 1.02e-2, 1.42e-2, 2.92e-3, 5.34e-3, 2.30e-3, 2.25e-2; %
1.07e-3, 5.76e-12, 3.44e-3, 4.51e-3, 9.89e-4, 1.75e-3, 5.52e-4, 7.25e-3; %
6.07e-4, 3.24e-12, 1.84e-3, 2.45e-3, 5.53e-4, 9.67e-4, 3.09e-4, 3.97e-3; %
7.93e-4, 4.41e-12, 2.94e-3, 3.74e-3, 8.40e-4, 1.46e-3, 4.26e-4, 6.03e-3; %
1.31e-3, 7.29e-12, 4.48e-3, 5.79e-3, 1.38e-3, 2.39e-3, 7.04e-4, 9.57e-3; %
7.98e-4, 4.41e-12, 2.78e-3, 3.57e-3, 8.07e-4, 1.44e-3, 4.20e-4, 5.82e-3; %
3.08e-3, 1.76e-11, 8.46e-3, 1.15e-2, 2.55e-3, 4.16e-3, 1.77e-3, 1.83e-2; %
1.61e-3, 9.00e-12, 5.51e-3, 7.11e-3, 1.51e-3, 2.63e-3, 8.65e-4, 1.12e-2; %dsip
6.38e-5, 3.60e-13, 1.44e-4, 2.08e-4, 4.75e-5, 7.86e-5, 3.54e-5, 3.34e-4;  % s298
];

% RHRS=40MOhm
leakage_rram_fpga(4,:,:) = [
1.04e-3, 5.76e-12, 3.03e-3, 4.07e-3, 9.10e-4, 1.58e-3, 5.53e-4, 6.56e-3; %
1.32e-3, 7.29e-12, 4.05e-3, 5.37e-3, 1.16e-3, 2.07e-3, 6.91e-4, 8.60e-3; %
1.04e-3, 5.76e-12, 3.25e-3, 4.29e-3, 9.70e-4, 1.70e-3, 5.53e-4, 6.96e-3; %
4.03e-3, 2.30e-11, 9.68e-3, 1.37e-2, 2.72e-3, 4.98e-3, 2.30e-3, 2.14e-2; %
1.07e-3, 5.76e-12, 3.05e-3, 4.12e-3, 8.78e-4, 1.56e-3, 5.52e-4, 6.56e-3; %
6.06e-4, 3.24e-12, 1.57e-3, 2.18e-3, 4.80e-4, 8.59e-4, 3.09e-4, 3.52e-3; %
7.93e-4, 4.41e-12, 2.56e-3, 3.35e-3, 7.37e-4, 1.28e-3, 4.26e-4, 5.37e-3; %
1.31e-3, 7.29e-12, 3.96e-3, 5.27e-3, 1.21e-3, 2.11e-3, 7.04e-4, 8.59e-3; %
7.98e-4, 4.41e-12, 2.43e-3, 3.22e-3, 7.09e-4, 1.27e-3, 4.20e-4, 5.20e-3; %
3.08e-3, 1.76e-11, 7.87e-3, 1.09e-2, 2.35e-3, 3.87e-3, 1.77e-3, 1.72e-2; %
1.61e-3, 9.00e-12, 4.89e-3, 6.50e-3, 1.34e-3, 2.36e-3, 8.65e-4, 1.02e-2; %dsip
6.38e-5, 3.60e-13, 1.40e-4, 2.04e-4, 4.67e-5, 7.66e-5, 3.54e-5, 3.28e-4;  % s298
];

% RHRS=50MOhm
