% Simulation results of naive rram 4T1R MUX
% Wprog = 4, VDD=0.9V
% input size from 2 to 50

rram_mux_naive_1level_0p9V = [
%Ron,Wprog,vsp,delay,leakage,dynamic_power,energy_per_toggle
0.9,1000,4,1,2.771e-11,5.128e-08,5.034e-05,3.437e-15;
0.9,1000,4,1,2.742e-11,8.971e-08,6.5365e-05,4.4645e-15;
0.9,1000,4,1,2.7145e-11,1.277e-07,6.7895e-05,4.6465e-15;
0.9,1000,4,1,2.7945e-11,1.648e-07,6.965e-05,4.819e-15;
0.9,1000,4,1,2.92e-11,2.028e-07,6.9985e-05,4.9015e-15;
0.9,1000,4,1,2.9535e-11,2.41e-07,7.229e-05,5.098e-15;
0.9,1000,4,1,3.027e-11,2.754e-07,7.343e-05,5.2265e-15;
0.9,1000,4,1,3.1085e-11,3.128e-07,7.4375e-05,5.3585e-15;
0.9,1000,4,1,3.191e-11,3.502e-07,7.5175e-05,5.48e-15;
0.9,1000,4,1,3.2645e-11,3.876e-07,7.481e-05,5.544e-15;
0.9,1000,4,1,3.392e-11,4.251e-07,7.551e-05,5.6825e-15;
0.9,1000,4,1,3.4805e-11,4.625e-07,7.6295e-05,5.7945e-15;
0.9,1000,4,1,3.546e-11,5.088e-07,7.7745e-05,5.9815e-15;
0.9,1000,4,1,3.628e-11,5.373e-07,7.854e-05,6.11e-15;
0.9,1000,4,1,3.68e-11,5.746e-07,7.909e-05,6.1745e-15;
0.9,1000,4,1,3.8005e-11,6.297e-07,7.991e-05,6.325e-15;
0.9,1000,4,1,3.8875e-11,6.685e-07,8.058e-05,6.418e-15;
0.9,1000,4,1,3.979e-11,7.077e-07,8.1045e-05,6.502e-15;
0.9,1000,4,1,4.054e-11,7.467e-07,8.187e-05,6.609e-15;
0.9,1000,4,1,4.0975e-11,7.616e-07,8.2315e-05,6.679e-15;
0.9,1000,4,1,4.1775e-11,7.99e-07,8.291e-05,6.7765e-15;
0.9,1000,4,1,4.292e-11,8.606e-07,8.391e-05,6.9835e-15;
0.9,1000,4,1,4.4405e-11,8.989e-07,8.562e-05,7.3065e-15;
0.9,1000,4,1,4.4815e-11,9.11e-07,8.6655e-05,7.44e-15;
0.9,1000,4,1,4.471e-11,9.482e-07,8.7225e-05,7.4295e-15;
];
