rram2n1r_vprog2p5V_inv15 = [ % Wprog, Vds1, Vds2, Vte, Vbe, Vrram, Iprog, Iprog_Wprog, Ron, Breakdown_check
1,0.874,0.3386,1.626,0.3386,1.287,-96.13,-96.13,13.4,{'Pass'},0.025,0.01869;
1.1,0.873,0.3251,1.627,0.3251,1.302,-101.7,-92.42,12.8,{'Pass'},0.027,0.01978;
1.2,0.873,0.3131,1.627,0.3131,1.314,-106.9,-89.09,12.29,{'Pass'},0.028,0.02082;
1.3,0.872,0.3025,1.628,0.3025,1.326,-111.8,-86.03,11.85,{'Pass'},0.029,0.02179;
1.4,0.871,0.2931,1.629,0.2931,1.336,-116.5,-83.22,11.47,{'Pass'},0.031,0.02272;
1.5,0.87,0.2846,1.63,0.2846,1.345,-121,-80.65,11.12,{'Pass'},0.032,0.0236;
1.6,0.869,0.2768,1.631,0.2768,1.354,-125.3,-78.29,10.81,{'Pass'},0.033,0.02446;
1.7,0.868,0.2697,1.632,0.2697,1.362,-129.4,-76.11,10.53,{'Pass'},0.034,0.02528;
1.8,0.867,0.2632,1.633,0.2632,1.37,-133.4,-74.1,10.27,{'Pass'},0.035,0.02607;
1.9,0.866,0.2571,1.634,0.2571,1.377,-137.2,-72.19,10.04,{'Pass'},0.036,0.02683;
2,0.866,0.2512,1.634,0.2512,1.383,-140.6,-70.32,9.833,{'Pass'},0.037,0.02752;
2.1,0.866,0.2456,1.634,0.2456,1.388,-144,-68.57,9.645,{'Pass'},0.038,0.02819;
2.2,0.865,0.2405,1.635,0.2405,1.395,-147.2,-66.92,9.47,{'Pass'},0.039,0.02884;
2.3,0.865,0.2357,1.635,0.2357,1.399,-150.4,-65.38,9.308,{'Pass'},0.04,0.02947;
2.4,0.864,0.2312,1.636,0.2312,1.405,-153.4,-63.93,9.155,{'Pass'},0.04,0.03008;
2.5,0.864,0.227,1.636,0.227,1.409,-156.4,-62.55,9.013,{'Pass'},0.041,0.03067;
2.6,0.863,0.2231,1.637,0.2231,1.414,-159.3,-61.25,8.878,{'Pass'},0.042,0.03125;
2.7,0.862,0.2194,1.638,0.2194,1.419,-162.1,-60.03,8.752,{'Pass'},0.043,0.03182;
2.8,0.861,0.2159,1.639,0.2159,1.423,-164.8,-58.86,8.632,{'Pass'},0.043,0.03237;
2.9,0.861,0.2126,1.639,0.2126,1.426,-167.5,-57.75,8.518,{'Pass'},0.044,0.0329;
3,0.86,0.2096,1.64,0.2096,1.43,-170.1,-56.69,8.41,{'Pass'},0.045,0.03343;
3.1,0.859,0.2067,1.641,0.2067,1.434,-172.6,-55.69,8.307,{'Pass'},0.046,0.03394;
3.2,0.858,0.2042,1.642,0.2042,1.438,-175.1,-54.73,8.209,{'Pass'},0.046,0.03445;
3.3,0.857,0.2019,1.643,0.2019,1.441,-177.6,-53.82,8.115,{'Pass'},0.047,0.03494;
3.4,0.856,0.1997,1.644,0.1997,1.444,-180,-52.95,8.025,{'Pass'},0.048,0.03543;
3.5,0.855,0.1976,1.645,0.1976,1.447,-182.4,-52.11,7.938,{'Pass'},0.048,0.03591;
3.6,0.853,0.1957,1.647,0.1957,1.451,-184.7,-51.32,7.854,{'Pass'},0.049,0.03639;
3.7,0.852,0.1938,1.648,0.1938,1.454,-187.1,-50.56,7.774,{'Pass'},0.049,0.03686;
3.8,0.851,0.192,1.649,0.192,1.457,-189.3,-49.83,7.696,{'Pass'},0.05,0.03732;
3.9,0.849,0.1903,1.651,0.1903,1.461,-191.6,-49.13,7.621,{'Pass'},0.051,0.03778;
4,0.848,0.1887,1.652,0.1887,1.463,-193.8,-48.46,7.548,{'Pass'},0.051,0.03823;
4.1,0.847,0.1872,1.653,0.1872,1.466,-196,-47.81,7.478,{'Pass'},0.052,0.03868;
4.2,0.846,0.1857,1.654,0.1857,1.468,-198.2,-47.19,7.41,{'Pass'},0.052,0.03912;
4.3,0.844,0.1843,1.656,0.1843,1.472,-200.3,-46.59,7.344,{'Pass'},0.053,0.03956;
4.4,0.843,0.1829,1.657,0.1829,1.474,-202.5,-46.02,7.28,{'Pass'},0.054,0.03999;
4.5,0.842,0.1816,1.658,0.1816,1.476,-204.6,-45.46,7.218,{'Pass'},0.054,0.04042;
4.6,0.841,0.1804,1.659,0.1804,1.479,-206.6,-44.92,7.158,{'Pass'},0.055,0.04084;
4.7,0.839,0.1792,1.661,0.1792,1.482,-208.7,-44.41,7.099,{'Pass'},0.055,0.04126;
4.8,0.838,0.178,1.662,0.178,1.484,-210.7,-43.9,7.042,{'Pass'},0.056,0.04167;
4.9,0.837,0.1769,1.663,0.1769,1.486,-212.8,-43.42,6.986,{'Pass'},0.056,0.04208;
5,0.835,0.1759,1.665,0.1759,1.489,-214.8,-42.95,6.932,{'Pass'},0.057,0.04249;
];

rram2n1r_vprog2p6V_inv15 = [ % Wprog, Vds1, Vds2, Vte, Vbe, Vrram, Iprog, Iprog_Wprog, Ron, Breakdown_check
1,0.884,0.3931,1.716,0.3931,1.323,-110.8,-110.8,11.94,{'Pass'},0.029,0.02114;
1.1,0.884,0.3782,1.716,0.3782,1.338,-117.5,-106.8,11.39,{'Pass'},0.03,0.02244;
1.2,0.884,0.3648,1.716,0.3648,1.351,-123.9,-103.2,10.91,{'Pass'},0.032,0.02368;
1.3,0.884,0.353,1.716,0.353,1.363,-129.9,-99.91,10.49,{'Pass'},0.033,0.02485;
1.4,0.884,0.3424,1.716,0.3424,1.374,-135.6,-96.82,10.13,{'Pass'},0.035,0.02595;
1.5,0.884,0.3328,1.716,0.3328,1.383,-141,-93.99,9.814,{'Pass'},0.036,0.02701;
1.6,0.883,0.324,1.717,0.324,1.393,-146.2,-91.37,9.526,{'Pass'},0.038,0.02803;
1.7,0.883,0.316,1.717,0.316,1.401,-151.2,-88.94,9.266,{'Pass'},0.039,0.02901;
1.8,0.883,0.3085,1.717,0.3085,1.409,-156,-86.68,9.03,{'Pass'},0.04,0.02996;
1.9,0.882,0.3015,1.718,0.3015,1.417,-160.6,-84.54,8.816,{'Pass'},0.041,0.03086;
2,0.882,0.2948,1.718,0.2948,1.423,-164.9,-82.46,8.627,{'Pass'},0.043,0.03171;
2.1,0.883,0.2885,1.717,0.2885,1.429,-169,-80.5,8.452,{'Pass'},0.044,0.03252;
2.2,0.883,0.2826,1.717,0.2826,1.434,-173,-78.66,8.291,{'Pass'},0.045,0.0333;
2.3,0.883,0.2771,1.717,0.2771,1.44,-176.9,-76.91,8.142,{'Pass'},0.046,0.03407;
2.4,0.883,0.2719,1.717,0.2719,1.445,-180.6,-75.27,8.002,{'Pass'},0.047,0.0348;
2.5,0.882,0.2671,1.718,0.2671,1.451,-184.3,-73.7,7.872,{'Pass'},0.048,0.03552;
2.6,0.882,0.2626,1.718,0.2626,1.455,-187.8,-72.22,7.75,{'Pass'},0.049,0.03622;
2.7,0.882,0.2583,1.718,0.2583,1.46,-191.2,-70.81,7.635,{'Pass'},0.049,0.03689;
2.8,0.882,0.2542,1.718,0.2542,1.464,-194.5,-69.47,7.526,{'Pass'},0.05,0.03755;
2.9,0.881,0.2504,1.719,0.2504,1.469,-197.7,-68.19,7.424,{'Pass'},0.051,0.03819;
3,0.881,0.2467,1.719,0.2467,1.472,-200.9,-66.97,7.327,{'Pass'},0.052,0.03882;
3.1,0.881,0.2433,1.719,0.2433,1.476,-204,-65.8,7.235,{'Pass'},0.053,0.03943;
3.2,0.88,0.2403,1.72,0.2403,1.48,-206.9,-64.67,7.149,{'Pass'},0.054,0.04002;
3.3,0.88,0.2375,1.72,0.2375,1.482,-209.8,-63.59,7.067,{'Pass'},0.054,0.0406;
3.4,0.879,0.2349,1.721,0.2349,1.486,-212.7,-62.56,6.988,{'Pass'},0.055,0.04117;
3.5,0.878,0.2323,1.722,0.2323,1.49,-215.5,-61.57,6.912,{'Pass'},0.056,0.04173;
3.6,0.877,0.2299,1.723,0.2299,1.493,-218.2,-60.62,6.84,{'Pass'},0.057,0.04228;
3.7,0.876,0.2276,1.724,0.2276,1.496,-220.9,-59.72,6.77,{'Pass'},0.057,0.04282;
3.8,0.876,0.2254,1.724,0.2254,1.499,-223.6,-58.84,6.703,{'Pass'},0.058,0.04335;
3.9,0.875,0.2233,1.725,0.2233,1.502,-226.2,-58.01,6.638,{'Pass'},0.059,0.04387;
4,0.874,0.2213,1.726,0.2213,1.505,-228.8,-57.2,6.576,{'Pass'},0.059,0.04439;
4.1,0.873,0.2194,1.727,0.2194,1.508,-231.3,-56.43,6.515,{'Pass'},0.06,0.0449;
4.2,0.872,0.2176,1.728,0.2176,1.51,-233.9,-55.68,6.457,{'Pass'},0.061,0.0454;
4.3,0.872,0.2158,1.728,0.2158,1.512,-236.3,-54.96,6.401,{'Pass'},0.061,0.0459;
4.4,0.871,0.2141,1.729,0.2141,1.515,-238.8,-54.27,6.346,{'Pass'},0.062,0.04639;
4.5,0.87,0.2125,1.73,0.2125,1.518,-241.2,-53.6,6.293,{'Pass'},0.063,0.04687;
4.6,0.869,0.2109,1.731,0.2109,1.52,-243.6,-52.95,6.241,{'Pass'},0.063,0.04735;
4.7,0.868,0.2094,1.732,0.2094,1.523,-245.9,-52.32,6.191,{'Pass'},0.064,0.04782;
4.8,0.867,0.208,1.733,0.208,1.525,-248.3,-51.72,6.143,{'Pass'},0.064,0.04829;
4.9,0.866,0.2066,1.734,0.2066,1.527,-250.6,-51.13,6.096,{'Pass'},0.065,0.04876;
5,0.865,0.2053,1.735,0.2053,1.53,-252.8,-50.57,6.05,{'Pass'},0.066,0.04922;
];

