rram2t1r_vprog2p5V_inv20 = [ % Wprog, Vds1, Vds2, Vte, Vbe, Vrram, Iprog, Iprog_Wprog, Ron, Breakdown_check
1,0.632,0.5048,1.868,0.5048,1.363,-129.8,-129.8,10.5,{'Pass'},0.026,0.01901;
1.1,0.622,0.4957,1.878,0.4957,1.382,-140.2,-127.4,9.86,{'Pass'},0.028,0.02055;
1.2,0.613,0.4874,1.887,0.4874,1.4,-150.3,-125.3,9.311,{'Pass'},0.03,0.02206;
1.3,0.604,0.4802,1.896,0.4802,1.416,-160.2,-123.2,8.837,{'Pass'},0.032,0.02353;
1.4,0.596,0.4738,1.904,0.4738,1.43,-169.8,-121.3,8.423,{'Pass'},0.034,0.02497;
1.5,0.589,0.4677,1.911,0.4677,1.443,-179.2,-119.5,8.055,{'Pass'},0.035,0.02639;
1.6,0.582,0.4621,1.918,0.4621,1.456,-188.4,-117.8,7.727,{'Pass'},0.037,0.02777;
1.7,0.575,0.4567,1.925,0.4567,1.468,-197.5,-116.2,7.431,{'Pass'},0.039,0.02914;
1.8,0.57,0.4517,1.93,0.4517,1.478,-206.4,-114.7,7.164,{'Pass'},0.041,0.03049;
1.9,0.564,0.4469,1.936,0.4469,1.489,-215.2,-113.2,6.921,{'Pass'},0.043,0.03181;
2,0.559,0.4423,1.941,0.4423,1.499,-223.8,-111.9,6.699,{'Pass'},0.044,0.03311;
2.1,0.554,0.438,1.946,0.438,1.508,-232.2,-110.6,6.495,{'Pass'},0.046,0.03439;
2.2,0.549,0.4339,1.951,0.4339,1.517,-240.5,-109.3,6.307,{'Pass'},0.048,0.03566;
2.3,0.545,0.43,1.955,0.43,1.525,-248.7,-108.1,6.134,{'Pass'},0.049,0.0369;
2.4,0.54,0.4262,1.96,0.4262,1.534,-256.7,-107,5.972,{'Pass'},0.051,0.03813;
2.5,0.536,0.4226,1.964,0.4226,1.541,-264.7,-105.9,5.822,{'Pass'},0.053,0.03934;
2.6,0.533,0.4192,1.967,0.4192,1.548,-272.4,-104.8,5.683,{'Pass'},0.054,0.04054;
2.7,0.529,0.4159,1.971,0.4159,1.555,-280.1,-103.7,5.552,{'Pass'},0.056,0.04171;
2.8,0.526,0.4127,1.974,0.4127,1.561,-287.7,-102.7,5.429,{'Pass'},0.057,0.04287;
2.9,0.522,0.4096,1.978,0.4096,1.568,-295.1,-101.8,5.314,{'Pass'},0.059,0.04402;
3,0.519,0.4067,1.981,0.4067,1.574,-302.4,-100.8,5.205,{'Pass'},0.06,0.04515;
3.1,0.516,0.4039,1.984,0.4039,1.58,-309.7,-99.89,5.103,{'Pass'},0.062,0.04627;
3.2,0.513,0.4015,1.987,0.4015,1.586,-316.7,-98.96,5.008,{'Pass'},0.063,0.04735;
3.3,0.514,0.4032,1.986,0.4032,1.583,-325.9,-98.76,4.857,{'Pass'},0.065,0.04878;
3.4,0.516,0.4053,1.984,0.4053,1.579,-335.3,-98.63,4.709,{'Pass'},0.067,0.05025;
3.5,0.517,0.4075,1.983,0.4075,1.576,-344.9,-98.53,4.567,{'Pass'},0.069,0.05173;
3.6,0.519,0.4099,1.981,0.4099,1.571,-354.5,-98.47,4.431,{'Pass'},0.071,0.05324;
3.7,0.522,0.4123,1.978,0.4123,1.566,-364.2,-98.44,4.299,{'Pass'},0.073,0.05476;
3.8,0.524,0.4149,1.976,0.4149,1.561,-374,-98.43,4.173,{'Pass'},0.075,0.0563;
3.9,0.527,0.4176,1.973,0.4176,1.555,-384,-98.45,4.052,{'Pass'},0.077,0.05786;
4,0.529,0.4204,1.971,0.4204,1.551,-394,-98.49,3.935,{'Pass'},0.079,0.05944;
4.1,0.532,0.4232,1.968,0.4232,1.545,-404.1,-98.55,3.823,{'Pass'},0.081,0.06103;
4.2,0.535,0.4262,1.965,0.4262,1.539,-414.2,-98.63,3.715,{'Pass'},0.083,0.06264;
4.3,0.538,0.4292,1.962,0.4292,1.533,-424.5,-98.71,3.611,{'Pass'},0.085,0.06427;
4.4,0.541,0.4322,1.959,0.4322,1.527,-434.7,-98.81,3.512,{'Pass'},0.087,0.0659;
4.5,0.544,0.4353,1.956,0.4353,1.521,-445.1,-98.91,3.416,{'Pass'},0.089,0.06755;
4.6,0.547,0.4383,1.953,0.4383,1.515,-455.5,-99.02,3.324,{'Pass'},0.091,0.06921;
4.7,0.551,0.4414,1.949,0.4414,1.508,-465.9,-99.12,3.237,{'Pass'},0.094,0.07088;
4.8,0.554,0.4445,1.946,0.4445,1.502,-476.3,-99.23,3.152,{'Pass'},0.096,0.07255;
4.9,0.557,0.4476,1.943,0.4476,1.495,-486.8,-99.34,3.072,{'Pass'},0.098,0.07424;
5,0.56,0.4506,1.94,0.4506,1.489,-497.2,-99.44,2.995,{'Pass'},0.1,0.07592;
];

rram2t1r_vprog2p6V_inv20 = [ % Wprog, Vds1, Vds2, Vte, Vbe, Vrram, Iprog, Iprog_Wprog, Ron, Breakdown_check
1,0.672,0.5447,1.928,0.5447,1.383,-140.9,-140.9,9.816,{'Pass'},0.027,0.02024;
1.1,0.662,0.5351,1.938,0.5351,1.403,-152.3,-138.4,9.213,{'Pass'},0.029,0.02189;
1.2,0.653,0.5265,1.947,0.5265,1.421,-163.4,-136.1,8.694,{'Pass'},0.031,0.02351;
1.3,0.645,0.5189,1.955,0.5189,1.436,-174.2,-134,8.245,{'Pass'},0.034,0.0251;
1.4,0.637,0.5123,1.963,0.5123,1.451,-184.8,-132,7.854,{'Pass'},0.036,0.02665;
1.5,0.629,0.5061,1.971,0.5061,1.465,-195.1,-130.1,7.506,{'Pass'},0.038,0.02818;
1.6,0.622,0.5002,1.978,0.5002,1.478,-205.3,-128.3,7.196,{'Pass'},0.04,0.02968;
1.7,0.616,0.4947,1.984,0.4947,1.489,-215.3,-126.7,6.917,{'Pass'},0.042,0.03116;
1.8,0.61,0.4895,1.99,0.4895,1.5,-225.2,-125.1,6.664,{'Pass'},0.044,0.03262;
1.9,0.604,0.4845,1.996,0.4845,1.512,-234.8,-123.6,6.435,{'Pass'},0.046,0.03405;
2,0.599,0.4798,2.001,0.4798,1.521,-244.3,-122.2,6.225,{'Pass'},0.047,0.03547;
2.1,0.594,0.4754,2.006,0.4754,1.531,-253.7,-120.8,6.032,{'Pass'},0.049,0.03686;
2.2,0.59,0.4711,2.01,0.4711,1.539,-262.9,-119.5,5.855,{'Pass'},0.051,0.03824;
2.3,0.585,0.4671,2.015,0.4671,1.548,-272,-118.2,5.691,{'Pass'},0.053,0.03959;
2.4,0.581,0.4632,2.019,0.4632,1.556,-280.9,-117,5.539,{'Pass'},0.054,0.04093;
2.5,0.577,0.4595,2.023,0.4595,1.564,-289.7,-115.9,5.398,{'Pass'},0.056,0.04225;
2.6,0.573,0.4559,2.027,0.4559,1.571,-298.3,-114.7,5.266,{'Pass'},0.058,0.04356;
2.7,0.57,0.4525,2.03,0.4525,1.577,-306.9,-113.7,5.142,{'Pass'},0.06,0.04484;
2.8,0.566,0.4492,2.034,0.4492,1.585,-315.3,-112.6,5.026,{'Pass'},0.061,0.04611;
2.9,0.567,0.4502,2.033,0.4502,1.583,-325.8,-112.3,4.858,{'Pass'},0.063,0.0477;
3,0.57,0.4525,2.03,0.4525,1.577,-336.9,-112.3,4.684,{'Pass'},0.066,0.04939;
3.1,0.572,0.4549,2.028,0.4549,1.573,-348.1,-112.3,4.517,{'Pass'},0.068,0.0511;
3.2,0.575,0.4579,2.025,0.4579,1.567,-359.3,-112.3,4.361,{'Pass'},0.07,0.0528;
3.3,0.578,0.4612,2.022,0.4612,1.561,-370.5,-112.3,4.213,{'Pass'},0.072,0.05452;
3.4,0.581,0.4646,2.019,0.4646,1.554,-381.9,-112.3,4.071,{'Pass'},0.074,0.05626;
3.5,0.584,0.4681,2.016,0.4681,1.548,-393.3,-112.4,3.936,{'Pass'},0.077,0.05802;
3.6,0.587,0.4717,2.013,0.4717,1.541,-404.9,-112.5,3.806,{'Pass'},0.079,0.0598;
3.7,0.591,0.4754,2.009,0.4754,1.534,-416.5,-112.6,3.683,{'Pass'},0.081,0.06159;
3.8,0.594,0.4792,2.006,0.4792,1.527,-428.3,-112.7,3.565,{'Pass'},0.084,0.06341;
3.9,0.598,0.483,2.002,0.483,1.519,-440.1,-112.8,3.452,{'Pass'},0.086,0.06524;
4,0.602,0.4868,1.998,0.4868,1.511,-451.9,-113,3.345,{'Pass'},0.089,0.06709;
4.1,0.605,0.4906,1.995,0.4906,1.504,-463.8,-113.1,3.243,{'Pass'},0.091,0.06894;
4.2,0.609,0.4944,1.991,0.4944,1.497,-475.7,-113.3,3.146,{'Pass'},0.093,0.07081;
4.3,0.613,0.4982,1.987,0.4982,1.489,-487.7,-113.4,3.054,{'Pass'},0.096,0.07268;
4.4,0.616,0.5019,1.984,0.5019,1.482,-499.6,-113.5,2.966,{'Pass'},0.098,0.07456;
4.5,0.62,0.5056,1.98,0.5056,1.474,-511.5,-113.7,2.883,{'Pass'},0.101,0.07644;
4.6,0.623,0.5092,1.977,0.5092,1.468,-523.4,-113.8,2.803,{'Pass'},0.103,0.07832;
4.7,0.627,0.5127,1.973,0.5127,1.46,-535.3,-113.9,2.728,{'Pass'},0.105,0.0802;
4.8,0.63,0.5161,1.97,0.5161,1.454,-547.1,-114,2.657,{'Pass'},0.108,0.08208;
4.9,0.634,0.5194,1.966,0.5194,1.447,-558.9,-114.1,2.589,{'Pass'},0.11,0.08396;
5,0.637,0.5226,1.963,0.5226,1.44,-570.6,-114.1,2.524,{'Pass'},0.113,0.08583;
];

