%% Format
% input size, number of fin in each transistor, delay, leakage power, dynamic power, energy per toggle;

%% RRAM MUX improved design, long wires is placed close to input inverters
rram_mux_basic_1level_parasitic_0p5V = [
% input size = 2
2,1,2.27e-11,2.645e-09,2.037e-06,8.5515e-17;
2,2,1.8315e-11,3.06e-09,2.559e-06,9.303e-17;
2,3,1.768e-11,3.16e-09,2.8165e-06,9.9395e-17;
% input size 4
4,1,2.337e-11,5.278e-09,2.0465e-06,8.676e-17;
4,2,1.8555e-11,6.053e-09,2.5445e-06,9.417e-17;
4,3,1.8e-11,6.712e-09,2.827e-06,1.0073e-16;
% input size 6
6,1,2.386e-11,8.18e-09,2.025e-06,8.8155e-17;
6,2,1.8865e-11,9.06e-09,2.549e-06,9.548e-17;
6,3,1.8295e-11,9.944e-09,2.837e-06,1.0206e-16;
% input size 8
8,1,2.432e-11,1.1e-08,2.022e-06,8.9075e-17;
8,2,1.9195e-11,1.207e-08,2.5545e-06,9.6795e-17;
8,3,1.857e-11,1.321e-08,2.847e-06,1.03395e-16;
% input size 10
10,1,2.515e-11,1.38e-08,2.013e-06,9.0535e-17;
10,2,1.953e-11,1.51e-08,2.559e-06,9.8065e-17;
10,3,1.884e-11,1.641e-08,2.857e-06,1.0473e-16;
% input size 12
12,1,2.5205e-11,1.62e-08,2.012e-06,9.1665e-17;
12,2,1.989e-11,1.812e-08,2.5645e-06,9.9395e-17;
12,3,1.886e-11,1.964e-08,2.87e-06,1.06105e-16;
% input size 14
14,1,2.6375e-11,1.892e-08,2.004e-06,9.3265e-17;
14,2,2.0295e-11,2.112e-08,2.5695e-06,1.00725e-16;
14,3,1.938e-11,2.29e-08,2.8755e-06,1.07355e-16;
% input size 16
16,1,2.6915e-11,2.145e-08,1.992e-06,9.45e-17;
16,2,2.0795e-11,2.355e-08,2.5745e-06,1.02065e-16;
16,3,1.964e-11,2.614e-08,2.8855e-06,1.08695e-16;
% input size 18
18,1,2.753e-11,2.414e-08,1.9855e-06,9.571e-17;
18,2,2.125e-11,2.471e-08,2.5785e-06,1.0336e-16;
18,3,1.982e-11,2.937e-08,2.8925e-06,1.1034e-16;
% input size 20
20,1,2.818e-11,2.682e-08,1.9875e-06,9.6935e-17;
20,2,2.1725e-11,2.939e-08,2.5825e-06,1.0469e-16;
20,3,2.01e-11,3.19e-08,2.902e-06,1.11655e-16;
% input size 22
22,1,2.864e-11,2.949e-08,1.989e-06,9.796e-17;
22,2,2.213e-11,3.231e-08,2.5845e-06,1.06015e-16;
22,3,2.038e-11,3.502e-08,2.915e-06,1.1278e-16;
% input size 24
24,1,2.9865e-11,3.216e-08,1.994e-06,9.9155e-17;
24,2,2.2495e-11,3.532e-08,2.589e-06,1.07355e-16;
24,3,2.0615e-11,3.87e-08,2.9325e-06,1.1419e-16;
% input size 26
26,1,2.9855e-11,3.484e-08,1.9835e-06,1.0047e-16;
26,2,2.28e-11,3.824e-08,2.6e-06,1.0895e-16;
26,3,2.082e-11,4.191e-08,2.8965e-06,1.1315e-16;
% input size 28
28,1,3.035e-11,3.751e-08,1.98e-06,1.0175e-16;
28,2,2.318e-11,4.116e-08,2.5995e-06,1.1e-16;
28,3,2.102e-11,4.51e-08,2.9485e-06,1.1685e-16;
% input size 30
30,1,3.1315e-11,4.018e-08,1.976e-06,1.03e-16;
30,2,2.3515e-11,4.399e-08,2.605e-06,1.113e-16;
30,3,2.1225e-11,4.83e-08,2.9575e-06,1.183e-16;
% input size 32
32,1,3.1505e-11,4.286e-08,1.9715e-06,1.043e-16;
32,2,2.419e-11,4.69e-08,2.61e-06,1.127e-16;
32,3,2.1655e-11,5.054e-08,2.985e-06,1.1955e-16;
];

rram_mux_basic_1level_parasitic_0p6V = [
% input size = 2
2,1,1.6675e-11,2.352e-09,3.9425e-06,1.29e-16;
2,2,1.3955e-11,2.808e-09,4.8455e-06,1.3965e-16;
2,3,1.317e-11,3.365e-09,5.371e-06,1.492e-16;
% input size 4
4,1,1.735e-11,1.292e-08,3.968e-06,1.2965e-16;
4,2,1.427e-11,5.698e-09,4.839e-06,1.4155e-16;
4,3,1.32e-11,6.617e-09,5.398e-06,1.5e-16;
% input size 6
6,1,1.8295e-11,1.981e-08,3.932e-06,1.3245e-16;
6,2,2.7015e-10,8.655e-09,6.223e-06,1.8305e-15;
6,3,1.3595e-11,9.695e-09,5.4135e-06,1.5295e-16;
% input size 8
8,1,1.883e-11,9.919e-09,3.91e-06,1.3395e-16;
8,2,1.46e-11,1.141e-08,4.8595e-06,1.451e-16;
8,3,1.3515e-11,1.297e-08,5.425e-06,1.546e-16;
% input size 10
10,1,1.9205e-11,1.236e-08,3.897e-06,1.357e-16;
10,2,1.5015e-11,1.416e-08,4.845e-06,1.476e-16;
10,3,1.4015e-11,1.967e-08,5.4505e-06,1.57e-16;
% input size 12
12,1,1.881e-11,1.48e-08,3.848e-06,1.345e-16;
12,2,1.5215e-11,1.69e-08,4.852e-06,1.4875e-16;
12,3,1.422e-11,1.91e-08,5.4475e-06,1.584e-16;
% input size 14
14,1,1.9405e-11,1.723e-08,3.9115e-06,1.3905e-16;
14,2,1.544e-11,1.966e-08,4.875e-06,1.504e-16;
14,3,1.395e-11,2.219e-08,5.492e-06,1.596e-16;
% input size 16
16,1,1.995e-11,1.967e-08,3.9145e-06,1.4005e-16;
16,2,1.5565e-11,2.241e-08,4.865e-06,1.523e-16;
16,3,1.4605e-11,2.527e-08,5.4685e-06,1.62e-16;
% input size 18
18,1,2.0335e-11,2.21e-08,3.8955e-06,1.419e-16;
18,2,1.5965e-11,2.516e-08,4.8965e-06,1.539e-16;
18,3,1.4795e-11,2.835e-08,5.472e-06,1.639e-16;
% input size 20
20,1,2.082e-11,2.625e-08,3.809e-06,1.4475e-16;
20,2,1.5945e-11,2.791e-08,4.894e-06,1.56e-16;
20,3,1.498e-11,3.142e-08,5.498e-06,1.6585e-16;
% input size 22
22,1,2.1085e-11,2.697e-08,3.8735e-06,1.4545e-16;
22,2,1.624e-11,3.066e-08,4.895e-06,1.576e-16;
22,3,1.5165e-11,2.178e-08,5.5345e-06,1.675e-16;
% input size 24
24,1,2.1115e-11,2.94e-08,3.8805e-06,1.479e-16;
24,2,1.7045e-11,3.34e-08,4.934e-06,1.5925e-16;
24,3,1.535e-11,3.758e-08,5.55e-06,1.6925e-16;
% input size 26
26,1,2.151e-11,3.182e-08,3.8705e-06,1.4975e-16;
26,2,1.704e-11,3.615e-08,4.95e-06,1.6095e-16;
26,3,1.552e-11,4.066e-08,5.5665e-06,1.7105e-16;
% input size 28
28,1,2.192e-11,3.425e-08,3.781e-06,1.4825e-16;
28,2,1.7155e-11,3.889e-08,4.9735e-06,1.6265e-16;
28,3,1.579e-11,4.374e-08,5.557e-06,1.73e-16;
% input size 30
30,1,2.2715e-11,3.668e-08,3.8355e-06,1.5175e-16;
30,2,1.744e-11,4.164e-08,4.978e-06,1.6435e-16;
30,3,1.592e-11,4.681e-08,5.574e-06,1.748e-16;
% input size 32
32,1,2.29e-11,3.91e-08,3.787e-06,1.551e-16;
32,2,1.7705e-11,4.438e-08,4.986e-06,1.6615e-16;
32,3,1.605e-11,4.989e-08,5.592e-06,1.7665e-16;
];

rram_mux_basic_1level_parasitic_0p7V = [
% input size = 2
2,1,1.401e-11,3.004e-09,6.6055e-06,1.847e-16;
2,2,1.1555e-11,3.32e-09,7.8385e-06,1.9725e-16;
2,3,1.0915e-11,4.244e-09,8.6945e-06,2.114e-16;
% input size 4
4,1,1.4605e-11,1.968e-09,6.596e-06,1.869e-16;
4,2,1.1835e-11,6.632e-09,7.9365e-06,2.0125e-16;
4,3,1.1045e-11,7.6e-09,8.7245e-06,2.1385e-16;
% input size 6
6,1,1.4945e-11,1.13e-08,6.5925e-06,1.892e-16;
6,2,1.2095e-11,9.402e-09,7.944e-06,2.036e-16;
6,3,1.1185e-11,1.075e-08,8.7565e-06,2.163e-16;
% input size 8
8,1,1.517e-11,1.27e-08,6.565e-06,1.9145e-16;
8,2,1.236e-11,1.267e-08,7.954e-06,2.06e-16;
8,3,1.1335e-11,1.422e-08,8.788e-06,2.1875e-16;
% input size 10
10,1,1.5405e-11,1.298e-08,6.6255e-06,1.943e-16;
10,2,1.263e-11,1.824e-08,7.9655e-06,2.0845e-16;
10,3,1.1485e-11,1.777e-08,8.832e-06,2.2115e-16;
% input size 12
12,1,1.558e-11,1.547e-08,6.519e-06,1.9625e-16;
12,2,1.2905e-11,3.04e-08,7.9775e-06,2.1085e-16;
12,3,1.165e-11,2.113e-08,8.8585e-06,2.236e-16;
% input size 14
14,1,1.6225e-11,1.796e-08,6.5645e-06,1.9865e-16;
14,2,1.318e-11,2.812e-09,7.989e-06,2.132e-16;
14,3,1.185e-11,2.449e-08,8.889e-06,2.26e-16;
% input size 16
16,1,1.649e-11,2.044e-08,6.563e-06,2.009e-16;
16,2,1.345e-11,4.519e-08,8.0025e-06,2.1555e-16;
16,3,1.209e-11,2.785e-08,8.9e-06,2.2845e-16;
% input size 18
18,1,1.6845e-11,2.293e-08,6.5495e-06,2.035e-16;
18,2,1.296e-11,2.943e-08,7.9785e-06,2.1615e-16;
18,3,1.2225e-11,3.121e-08,8.945e-06,2.309e-16;
% input size 20
20,1,1.7145e-11,2.542e-08,6.545e-06,2.062e-16;
20,2,1.38e-11,5.629e-08,8.0775e-06,2.205e-16;
20,3,1.241e-11,3.457e-08,8.9635e-06,2.3335e-16;
% input size 22
22,1,1.705e-11,2.791e-08,6.492e-06,2.065e-16;
22,2,1.42e-11,3.562e-08,8.0425e-06,2.2255e-16;
22,3,1.2585e-11,3.792e-08,8.982e-06,2.358e-16;
% input size 24
24,1,1.7585e-11,3.04e-08,6.564e-06,2.095e-16;
24,2,1.3905e-11,3.587e-08,8.048e-06,2.2495e-16;
24,3,1.2745e-11,4.128e-08,9.004e-06,2.381e-16;
% input size 26
26,1,1.775e-11,3.289e-08,6.558e-06,2.1165e-16;
26,2,1.4545e-11,3.879e-08,8.044e-06,2.2715e-16;
26,3,1.2675e-11,4.463e-08,9.0605e-06,2.4105e-16;
% input size 28
28,1,1.7885e-11,3.538e-08,6.543e-06,2.137e-16;
28,2,1.469e-11,4.171e-08,8.0405e-06,2.2965e-16;
28,3,1.334e-11,4.799e-08,9.0565e-06,2.43e-16;
% input size 30
30,1,1.807e-11,3.787e-08,6.531e-06,2.1605e-16;
30,2,1.4765e-11,8.384e-08,8.0705e-06,2.31e-16;
30,3,1.3225e-11,5.134e-08,9.0625e-06,2.456e-16;
% input size 32
32,1,1.86e-11,4.035e-08,6.4855e-06,2.1845e-16;
32,2,1.4955e-11,4.754e-08,8.043e-06,2.347e-16;
32,3,1.3745e-11,4.858e-08,9.1005e-06,2.477e-16;
];
