rram2t1r_vprog2p5V_inv15 = [ % Wprog, Vds1, Vds2, Vte, Vbe, Vrram, Iprog, Iprog_Wprog, Ron, Breakdown_check
1,0.635,0.5048,1.865,0.5048,1.36,-128.4,-128.4,10.59,{'Pass'},0.034,0.02509;
1.1,0.625,0.4957,1.875,0.4957,1.379,-138.5,-125.9,9.957,{'Pass'},0.037,0.02709;
1.2,0.616,0.4875,1.884,0.4875,1.396,-148.4,-123.6,9.411,{'Pass'},0.039,0.02907;
1.3,0.608,0.4804,1.892,0.4804,1.412,-157.9,-121.5,8.94,{'Pass'},0.042,0.03099;
1.4,0.6,0.474,1.9,0.474,1.426,-167.2,-119.5,8.528,{'Pass'},0.044,0.03286;
1.5,0.593,0.468,1.907,0.468,1.439,-176.3,-117.6,8.163,{'Pass'},0.047,0.03469;
1.6,0.586,0.4624,1.914,0.4624,1.452,-185.3,-115.8,7.837,{'Pass'},0.049,0.03649;
1.7,0.58,0.4571,1.92,0.4571,1.463,-194,-114.1,7.544,{'Pass'},0.051,0.03826;
1.8,0.574,0.4522,1.926,0.4522,1.474,-202.5,-112.5,7.278,{'Pass'},0.054,0.04;
1.9,0.568,0.4474,1.932,0.4474,1.485,-210.9,-111,7.037,{'Pass'},0.056,0.04171;
2,0.563,0.443,1.937,0.443,1.494,-219.1,-109.6,6.817,{'Pass'},0.058,0.04338;
2.1,0.558,0.4387,1.942,0.4387,1.503,-227.2,-108.2,6.615,{'Pass'},0.06,0.04503;
2.2,0.554,0.4347,1.946,0.4347,1.511,-235.1,-106.8,6.429,{'Pass'},0.062,0.04665;
2.3,0.55,0.4308,1.95,0.4308,1.519,-242.8,-105.6,6.257,{'Pass'},0.064,0.04825;
2.4,0.546,0.4272,1.954,0.4272,1.527,-250.4,-104.3,6.098,{'Pass'},0.067,0.04982;
2.5,0.542,0.4237,1.958,0.4237,1.534,-257.9,-103.2,5.95,{'Pass'},0.069,0.05137;
2.6,0.538,0.4203,1.962,0.4203,1.542,-265.3,-102,5.812,{'Pass'},0.071,0.05289;
2.7,0.535,0.4171,1.965,0.4171,1.548,-272.5,-100.9,5.682,{'Pass'},0.072,0.05439;
2.8,0.531,0.414,1.969,0.414,1.555,-279.6,-99.84,5.561,{'Pass'},0.074,0.05586;
2.9,0.528,0.4111,1.972,0.4111,1.561,-286.5,-98.8,5.447,{'Pass'},0.076,0.05731;
3,0.525,0.4082,1.975,0.4082,1.567,-293.4,-97.79,5.34,{'Pass'},0.078,0.05875;
3.1,0.522,0.4055,1.978,0.4055,1.573,-300.1,-96.81,5.239,{'Pass'},0.08,0.06016;
3.2,0.519,0.4032,1.981,0.4032,1.578,-306.6,-95.82,5.146,{'Pass'},0.082,0.06152;
3.3,0.516,0.4011,1.984,0.4011,1.583,-313,-94.84,5.058,{'Pass'},0.083,0.06286;
3.4,0.515,0.4004,1.985,0.4004,1.585,-320.1,-94.14,4.952,{'Pass'},0.085,0.06436;
3.5,0.516,0.4021,1.984,0.4021,1.582,-328.5,-93.87,4.815,{'Pass'},0.088,0.06615;
3.6,0.518,0.4039,1.982,0.4039,1.578,-337.1,-93.64,4.683,{'Pass'},0.09,0.06796;
3.7,0.519,0.4058,1.981,0.4058,1.575,-345.7,-93.43,4.556,{'Pass'},0.092,0.06978;
3.8,0.521,0.4079,1.979,0.4079,1.571,-354.3,-93.25,4.433,{'Pass'},0.095,0.07163;
3.9,0.523,0.41,1.977,0.41,1.567,-363,-93.09,4.315,{'Pass'},0.097,0.07349;
4,0.526,0.4122,1.974,0.4122,1.562,-371.8,-92.95,4.202,{'Pass'},0.1,0.07537;
4.1,0.528,0.4145,1.972,0.4145,1.558,-380.6,-92.83,4.093,{'Pass'},0.102,0.07726;
4.2,0.53,0.4168,1.97,0.4168,1.553,-389.5,-92.73,3.987,{'Pass'},0.104,0.07917;
4.3,0.533,0.4192,1.967,0.4192,1.548,-398.4,-92.65,3.886,{'Pass'},0.107,0.08109;
4.4,0.535,0.4217,1.965,0.4217,1.543,-407.3,-92.57,3.788,{'Pass'},0.109,0.08303;
4.5,0.538,0.4242,1.962,0.4242,1.538,-416.3,-92.51,3.694,{'Pass'},0.112,0.08498;
4.6,0.541,0.4267,1.959,0.4267,1.532,-425.3,-92.45,3.604,{'Pass'},0.114,0.08694;
4.7,0.543,0.4293,1.957,0.4293,1.528,-434.3,-92.4,3.517,{'Pass'},0.117,0.08891;
4.8,0.546,0.4319,1.954,0.4319,1.522,-443.3,-92.36,3.433,{'Pass'},0.119,0.09088;
4.9,0.549,0.4345,1.951,0.4345,1.517,-452.4,-92.32,3.352,{'Pass'},0.122,0.09287;
5,0.552,0.437,1.948,0.437,1.511,-461.4,-92.27,3.275,{'Pass'},0.124,0.09486;
];

rram2t1r_vprog2p6V_inv15 = [ % Wprog, Vds1, Vds2, Vte, Vbe, Vrram, Iprog, Iprog_Wprog, Ron, Breakdown_check
1,0.675,0.5446,1.925,0.5446,1.38,-139.4,-139.4,9.903,{'Pass'},0.036,0.02671;
1.1,0.665,0.535,1.935,0.535,1.4,-150.5,-136.8,9.303,{'Pass'},0.039,0.02887;
1.2,0.656,0.5264,1.944,0.5264,1.418,-161.3,-134.4,8.786,{'Pass'},0.042,0.03099;
1.3,0.648,0.5189,1.952,0.5189,1.433,-171.8,-132.2,8.341,{'Pass'},0.044,0.03306;
1.4,0.64,0.5123,1.96,0.5123,1.448,-182,-130,7.952,{'Pass'},0.047,0.03508;
1.5,0.633,0.5061,1.967,0.5061,1.461,-192,-128,7.607,{'Pass'},0.05,0.03706;
1.6,0.626,0.5003,1.974,0.5003,1.474,-201.9,-126.2,7.298,{'Pass'},0.052,0.03901;
1.7,0.62,0.4949,1.98,0.4949,1.485,-211.5,-124.4,7.021,{'Pass'},0.055,0.04092;
1.8,0.614,0.4897,1.986,0.4897,1.496,-220.9,-122.7,6.771,{'Pass'},0.057,0.04281;
1.9,0.609,0.4848,1.991,0.4848,1.506,-230.2,-121.1,6.543,{'Pass'},0.06,0.04466;
2,0.604,0.4802,1.996,0.4802,1.516,-239.3,-119.6,6.335,{'Pass'},0.062,0.04648;
2.1,0.599,0.4758,2.001,0.4758,1.525,-248.2,-118.2,6.144,{'Pass'},0.064,0.04828;
2.2,0.595,0.4717,2.005,0.4717,1.533,-256.9,-116.8,5.969,{'Pass'},0.067,0.05004;
2.3,0.59,0.4677,2.01,0.4677,1.542,-265.5,-115.4,5.806,{'Pass'},0.069,0.05178;
2.4,0.586,0.4639,2.014,0.4639,1.55,-274,-114.2,5.656,{'Pass'},0.071,0.0535;
2.5,0.583,0.4603,2.017,0.4603,1.557,-282.3,-112.9,5.516,{'Pass'},0.073,0.05518;
2.6,0.579,0.4568,2.021,0.4568,1.564,-290.5,-111.7,5.386,{'Pass'},0.076,0.05685;
2.7,0.575,0.4535,2.025,0.4535,1.571,-298.5,-110.5,5.264,{'Pass'},0.078,0.05849;
2.8,0.572,0.4503,2.028,0.4503,1.578,-306.4,-109.4,5.149,{'Pass'},0.08,0.0601;
2.9,0.569,0.4472,2.031,0.4472,1.584,-314.1,-108.3,5.042,{'Pass'},0.082,0.0617;
3,0.569,0.4473,2.031,0.4473,1.584,-323.4,-107.8,4.897,{'Pass'},0.084,0.06359;
3.1,0.571,0.4491,2.029,0.4491,1.58,-333.5,-107.6,4.735,{'Pass'},0.087,0.06569;
3.2,0.574,0.4515,2.026,0.4515,1.574,-343.6,-107.4,4.583,{'Pass'},0.09,0.06778;
3.3,0.576,0.4542,2.024,0.4542,1.57,-353.7,-107.2,4.439,{'Pass'},0.093,0.06987;
3.4,0.578,0.4569,2.022,0.4569,1.565,-363.8,-107,4.301,{'Pass'},0.095,0.07198;
3.5,0.581,0.4598,2.019,0.4598,1.559,-374.1,-106.9,4.168,{'Pass'},0.098,0.07412;
3.6,0.584,0.4628,2.016,0.4628,1.553,-384.4,-106.8,4.041,{'Pass'},0.101,0.07628;
3.7,0.587,0.4658,2.013,0.4658,1.547,-394.7,-106.7,3.92,{'Pass'},0.103,0.07845;
3.8,0.59,0.469,2.01,0.469,1.541,-405.2,-106.6,3.804,{'Pass'},0.106,0.08065;
3.9,0.593,0.4722,2.007,0.4722,1.535,-415.6,-106.6,3.693,{'Pass'},0.109,0.08286;
4,0.596,0.4754,2.004,0.4754,1.529,-426.1,-106.5,3.587,{'Pass'},0.112,0.08509;
4.1,0.6,0.4787,2,0.4787,1.521,-436.6,-106.5,3.485,{'Pass'},0.115,0.08733;
4.2,0.603,0.482,1.997,0.482,1.515,-447.2,-106.5,3.388,{'Pass'},0.118,0.08958;
4.3,0.606,0.4852,1.994,0.4852,1.509,-457.7,-106.4,3.296,{'Pass'},0.121,0.09184;
4.4,0.61,0.4885,1.99,0.4885,1.502,-468.3,-106.4,3.207,{'Pass'},0.123,0.0941;
4.5,0.613,0.4917,1.987,0.4917,1.495,-478.8,-106.4,3.123,{'Pass'},0.126,0.09637;
4.6,0.616,0.4949,1.984,0.4949,1.489,-489.3,-106.4,3.042,{'Pass'},0.129,0.09865;
4.7,0.62,0.498,1.98,0.498,1.482,-499.8,-106.3,2.966,{'Pass'},0.132,0.1009;
4.8,0.623,0.5011,1.977,0.5011,1.476,-510.2,-106.3,2.892,{'Pass'},0.135,0.1032;
4.9,0.626,0.5041,1.974,0.5041,1.47,-520.6,-106.3,2.823,{'Pass'},0.138,0.1055;
5,0.63,0.5071,1.97,0.5071,1.463,-531,-106.2,2.756,{'Pass'},0.14,0.1077;
];

