%% Fig data source of improved RRAM MUX 2N1R implementation
% 2-level structure
rram_mux_improv_2n1r_2level_0p5V = [ % size, #. of fins, delay, leakage, dynamic_power, energy_per_toggle
% input size = 2
2,1,2.178e-11,4.15e-09,1.4735e-06,6.2565e-17;
2,2,2.1155e-11,2.295e-08,1.666e-06,6.882e-17;
2,3,2.266e-11,1.515e-08,1.754e-06,7.486e-17;
% input size = 4
1376.15,1,3.445e-11,1.005e-08,1.14395e-06,6.809e-17,2.28e+04,;
1000,2,3.2285e-11,2.107e-08,1.469e-06,8.0705e-17,2.76e+04,;
1000,3,3.417e-11,2.852e-08,1.663e-06,9.2885e-17,3.87e+04,;
% input size = 6
1376.15,1,3.5735e-11,1.58e-08,1.13805e-06,6.929e-17,4.56e+04,;
1000,2,3.305e-11,2.647e-08,1.475e-06,8.214e-17,5.8e+04,;
1000,3,3.507e-11,4.071e-08,1.6895e-06,9.4865e-17,8.28e+04,;
% input size = 8
1376.15,1,3.586e-11,1.953e-08,1.1419e-06,6.9755e-17,4.56e+04,;
1000,2,3.3055e-11,3.622e-08,1.484e-06,8.276e-17,5.8e+04,;
1000,3,3.456e-11,4.565e-08,1.6865e-06,9.596e-17,8.28e+04,;
% input size = 10
1376.15,1,3.712e-11,2.485e-08,1.13635e-06,7.087e-17,7.6e+04,;
1000,2,3.379e-11,4.434e-08,1.4915e-06,8.416e-17,9.94e+04,;
1000,3,3.491e-11,5.884e-08,1.6925e-06,9.7735e-17,1.44e+05,;
% input size = 12
1376.15,1,3.7115e-11,2.592e-08,1.1395e-06,7.106e-17,7.6e+04,;
1000,2,3.38e-11,6.882e-09,1.497e-06,8.449e-17,9.94e+04,;
1000,3,3.491e-11,6.818e-08,1.7015e-06,9.817e-17,1.44e+05,;
% input size = 14
1376.15,1,3.719e-11,3.3e-08,1.1431e-06,7.154e-17,7.6e+04,;
1000,2,3.382e-11,4.981e-08,1.506e-06,8.5135e-17,9.94e+04,;
1000,3,3.4915e-11,7.21e-08,1.7145e-06,9.9055e-17,1.44e+05,;
% input size = 16
1376.15,1,3.7185e-11,3.597e-08,1.1463e-06,7.173e-17,7.6e+04,;
1000,2,3.383e-11,2.739e-08,1.512e-06,8.5425e-17,9.94e+04,;
1000,3,3.492e-11,8.79e-08,1.7225e-06,9.9485e-17,1.44e+05,;
% input size = 18
1376.15,1,3.8235e-11,3.102e-08,1.1387e-06,7.2805e-17,1.14e+05,;
1000,2,3.454e-11,1.386e-08,1.5175e-06,8.682e-17,1.52e+05,;
1000,3,3.528e-11,9.511e-08,1.7275e-06,1.0115e-16,2.21e+05,;
% input size = 20
1376.15,1,3.8235e-11,4.666e-08,1.1419e-06,7.3005e-17,1.14e+05,;
1000,2,3.4535e-11,7.413e-08,1.523e-06,8.713e-17,1.52e+05,;
1000,3,3.5285e-11,1.036e-07,1.7365e-06,1.016e-16,2.21e+05,;
% input size = 22
1376.15,1,3.83e-11,4.521e-08,1.14585e-06,7.3525e-17,1.14e+05,;
1000,2,3.467e-11,7.302e-08,1.5325e-06,8.78e-17,1.52e+05,;
1000,3,3.528e-11,1.136e-07,1.749e-06,1.0255e-16,2.21e+05,;
% input size = 24
1376.15,1,3.83e-11,4.952e-08,1.1479e-06,7.366e-17,1.14e+05,;
1000,2,3.467e-11,4.413e-07,1.5365e-06,8.804e-17,1.52e+05,;
1000,3,3.528e-11,1.179e-07,1.7555e-06,1.0285e-16,2.21e+05,;
% input size = 26
1376.15,1,3.8895e-11,4.273e-08,1.14265e-06,7.4785e-17,1.6e+05,;
1000,2,3.4945e-11,9.235e-08,1.5435e-06,8.962e-17,2.15e+05,;
1000,3,3.593e-11,1.216e-07,1.7665e-06,1.049e-16,3.15e+05,;
% input size = 28
1376.15,1,3.8895e-11,5.261e-08,1.14465e-06,7.492e-17,1.6e+05,;
1000,2,3.4945e-11,8.277e-09,1.548e-06,8.986e-17,2.15e+05,;
1000,3,3.593e-11,1.4e-07,1.773e-06,1.0525e-16,3.15e+05,;
% input size = 30
1376.15,1,3.8895e-11,6.059e-08,1.14775e-06,7.5105e-17,1.6e+05,;
1000,2,3.5955e-11,1.051e-07,1.5525e-06,9.001e-17,2.15e+05,;
1000,3,3.594e-11,1.496e-07,1.781e-06,1.057e-16,3.15e+05,;
% input size = 32
1376.15,1,3.894e-11,4.88e-08,1.15165e-06,7.563e-17,1.6e+05,;
1000,2,3.5e-11,1.011e-07,1.5625e-06,9.0865e-17,2.15e+05,;
1000,3,3.594e-11,1.455e-07,1.795e-06,1.0665e-16,3.15e+05,;
% input size = 34
1376.15,1,3.894e-11,6.631e-08,1.1537e-06,7.576e-17,1.6e+05,;
1000,2,3.5e-11,6.204e-07,1.5665e-06,9.108e-17,2.15e+05,;
1000,3,3.5945e-11,1.604e-07,1.801e-06,1.07e-16,3.15e+05,;
% input size = 36
% input size = 38
% input size = 40
% input size = 42
% input size = 44
% input size = 46
% input size = 48
% input size = 50
];

rram_mux_improv_2n1r_2level_0p6V = [ % size, #. of fins, delay, leakage, dynamic_power, energy_per_toggle
% input size = 2
2,1,1.7515e-11,4.831e-09,2.7795e-06,9.495e-17;
2,2,1.651e-11,9.07e-09,3.1735e-06,1.04755e-16;
2,3,1.733e-11,1.702e-08,3.416e-06,1.1339e-16;
% input size = 4
1560.91,1,2.885e-11,1.411e-08,2.064e-06,1.01285e-16,2.59e+04,;
1000,2,2.6425e-11,2.665e-08,2.716e-06,1.201e-16,2.76e+04,;
1000,3,2.563e-11,3.9e-08,3.073e-06,1.379e-16,3.87e+04,;
% input size = 6
1560.91,1,2.972e-11,1.909e-08,2.053e-06,1.0307e-16,5.17e+04,;
1000,2,2.6895e-11,3.54e-08,2.7225e-06,1.2165e-16,5.8e+04,;
1000,3,2.611e-11,5.213e-08,3.0855e-06,1.4005e-16,8.28e+04,;
% input size = 8
1560.91,1,2.9785e-11,2.287e-08,2.0575e-06,1.037e-16,5.17e+04,;
1000,2,2.6915e-11,4.195e-08,2.7345e-06,1.2235e-16,5.8e+04,;
1000,3,2.6125e-11,6.179e-08,3.1035e-06,1.4095e-16,8.28e+04,;
% input size = 10
1560.91,1,3.058e-11,2.855e-08,2.048e-06,1.0595e-16,8.62e+04,;
1000,2,2.7255e-11,5.121e-08,2.736e-06,1.241e-16,9.94e+04,;
1000,3,2.6775e-11,7.463e-08,3.1165e-06,1.431e-16,1.44e+05,;
% input size = 12
1560.91,1,3.058e-11,3.268e-08,2.0515e-06,1.0616e-16,8.62e+04,;
1000,2,2.726e-11,6.107e-08,2.7435e-06,1.2445e-16,9.94e+04,;
1000,3,2.6785e-11,8.79e-08,3.127e-06,1.436e-16,1.44e+05,;
% input size = 14
1560.91,1,3.0605e-11,3.638e-08,2.055e-06,1.066e-16,8.62e+04,;
1000,2,2.722e-11,6.77e-08,2.755e-06,1.2515e-16,9.94e+04,;
1000,3,2.6805e-11,9.819e-08,3.1455e-06,1.446e-16,1.44e+05,;
% input size = 16
1560.91,1,3.061e-11,4.147e-08,2.0595e-06,1.0681e-16,8.62e+04,;
1000,2,2.7235e-11,7.703e-08,2.762e-06,1.2545e-16,9.94e+04,;
1000,3,2.682e-11,1.116e-07,3.1555e-06,1.45e-16,1.44e+05,;
% input size = 18
1560.91,1,3.124e-11,4.416e-08,2.0425e-06,1.08065e-16,1.29e+05,;
1000,2,2.8575e-11,8.153e-08,2.7825e-06,1.2715e-16,1.52e+05,;
1000,3,2.7445e-11,1.206e-07,3.1955e-06,1.469e-16,2.21e+05,;
% input size = 20
1560.91,1,3.1235e-11,4.686e-08,2.0465e-06,1.08275e-16,1.29e+05,;
1000,2,2.858e-11,9.16e-08,2.7905e-06,1.2745e-16,1.52e+05,;
1000,3,2.744e-11,1.335e-07,3.205e-06,1.474e-16,2.21e+05,;
% input size = 22
1560.91,1,3.125e-11,5.33e-08,2.0495e-06,1.0888e-16,1.29e+05,;
1000,2,2.8605e-11,9.834e-08,2.8015e-06,1.2825e-16,1.52e+05,;
1000,3,2.7485e-11,1.428e-07,3.225e-06,1.484e-16,2.21e+05,;
% input size = 24
1560.91,1,3.125e-11,5.372e-08,2.0525e-06,1.08995e-16,1.29e+05,;
1000,2,2.8605e-11,1.048e-07,2.8065e-06,1.2855e-16,1.52e+05,;
1000,3,2.7485e-11,1.515e-07,3.233e-06,1.4875e-16,2.21e+05,;
% input size = 26
1560.91,1,3.195e-11,6.215e-08,2.046e-06,1.0988e-16,1.81e+05,;
1000,2,2.833e-11,1.128e-07,2.7825e-06,1.3075e-16,2.15e+05,;
1000,3,2.797e-11,1.648e-07,3.2415e-06,1.511e-16,3.15e+05,;
% input size = 28
1560.91,1,3.195e-11,1.017e-07,2.048e-06,1.09995e-16,1.81e+05,;
1000,2,2.835e-11,1.192e-07,2.7875e-06,1.3105e-16,2.15e+05,;
1000,3,2.797e-11,1.745e-07,3.2495e-06,1.5145e-16,3.15e+05,;
% input size = 30
1560.91,1,3.1955e-11,6.947e-08,2.052e-06,1.102e-16,1.81e+05,;
1000,2,2.888e-11,1.294e-07,2.828e-06,1.3135e-16,2.15e+05,;
1000,3,2.796e-11,1.892e-07,3.259e-06,1.5195e-16,3.15e+05,;
% input size = 32
1560.91,1,3.1965e-11,7.447e-08,2.058e-06,1.11e-16,1.81e+05,;
1000,2,2.8795e-11,1.348e-07,2.8165e-06,1.322e-16,2.15e+05,;
1000,3,2.8005e-11,1.959e-07,3.2785e-06,1.5295e-16,3.15e+05,;
% input size = 34
1560.91,1,3.1965e-11,8.169e-08,2.061e-06,1.11115e-16,1.81e+05,;
1000,2,2.88e-11,1.419e-07,2.822e-06,1.324e-16,2.15e+05,;
1000,3,2.8005e-11,2.086e-07,3.2865e-06,1.533e-16,3.15e+05,;
% input size = 36
% input size = 38
% input size = 40
% input size = 42
% input size = 44
% input size = 46
% input size = 48
% input size = 50
];

