rram2n1r_vprog2p5V_inv1 = [ % Wprog, Vds1, Vds2, Vte, Vbe, Vrram, Iprog, Iprog_Wprog, Ron, Breakdown_check
1,0.993,0.349,1.507,0.349,1.158,-57.1,-57.1,20.27,{'Pass'},0.239,0.1699;
1.1,0.984,0.348,1.516,0.348,1.168,-59.6,-54.18,19.6,{'Pass'},0.25,0.1784;
1.2,0.974,0.3481,1.526,0.3481,1.178,-61.98,-51.65,19.01,{'Pass'},0.261,0.1867;
1.3,0.964,0.3487,1.536,0.3487,1.187,-64.21,-49.39,18.48,{'Pass'},0.271,0.1945;
1.4,0.956,0.3496,1.544,0.3496,1.194,-66.28,-47.34,18.03,{'Pass'},0.28,0.2018;
1.5,0.947,0.3507,1.553,0.3507,1.202,-68.22,-45.48,17.62,{'Pass'},0.289,0.2087;
1.6,0.94,0.3519,1.56,0.3519,1.208,-70.03,-43.77,17.26,{'Pass'},0.298,0.2153;
1.7,0.932,0.3532,1.568,0.3532,1.215,-71.74,-42.2,16.93,{'Pass'},0.305,0.2215;
1.8,0.925,0.3546,1.575,0.3546,1.22,-73.35,-40.75,16.64,{'Pass'},0.313,0.2274;
1.9,0.919,0.3558,1.581,0.3558,1.225,-74.83,-39.38,16.37,{'Pass'},0.32,0.233;
2,0.914,0.3567,1.586,0.3567,1.229,-76.16,-38.08,16.14,{'Pass'},0.326,0.2379;
2.1,0.909,0.3577,1.591,0.3577,1.233,-77.43,-36.87,15.93,{'Pass'},0.332,0.2427;
2.2,0.904,0.3588,1.596,0.3588,1.237,-78.64,-35.74,15.74,{'Pass'},0.338,0.2473;
2.3,0.899,0.3599,1.601,0.3599,1.241,-79.8,-34.69,15.56,{'Pass'},0.343,0.2518;
2.4,0.894,0.3611,1.606,0.3611,1.245,-80.9,-33.71,15.38,{'Pass'},0.349,0.256;
2.5,0.89,0.3623,1.61,0.3623,1.248,-81.96,-32.78,15.23,{'Pass'},0.354,0.2601;
2.6,0.885,0.3636,1.615,0.3636,1.251,-82.97,-31.91,15.08,{'Pass'},0.359,0.2641;
2.7,0.881,0.3648,1.619,0.3648,1.254,-83.95,-31.09,14.94,{'Pass'},0.363,0.2679;
2.8,0.877,0.3661,1.623,0.3661,1.257,-84.88,-30.31,14.81,{'Pass'},0.368,0.2716;
2.9,0.873,0.3673,1.627,0.3673,1.26,-85.78,-29.58,14.68,{'Pass'},0.372,0.2752;
3,0.87,0.3686,1.63,0.3686,1.261,-86.64,-28.88,14.56,{'Pass'},0.376,0.2786;
3.1,0.866,0.3698,1.634,0.3698,1.264,-87.46,-28.21,14.45,{'Pass'},0.38,0.2819;
3.2,0.863,0.3711,1.637,0.3711,1.266,-88.24,-27.57,14.35,{'Pass'},0.384,0.285;
3.3,0.859,0.3723,1.641,0.3723,1.269,-88.97,-26.96,14.26,{'Pass'},0.388,0.288;
3.4,0.856,0.3735,1.644,0.3735,1.271,-89.69,-26.38,14.17,{'Pass'},0.391,0.2909;
3.5,0.853,0.3747,1.647,0.3747,1.272,-90.37,-25.82,14.08,{'Pass'},0.395,0.2937;
3.6,0.85,0.3759,1.65,0.3759,1.274,-91.03,-25.29,14,{'Pass'},0.398,0.2965;
3.7,0.847,0.377,1.653,0.377,1.276,-91.67,-24.78,13.92,{'Pass'},0.401,0.2991;
3.8,0.844,0.3782,1.656,0.3782,1.278,-92.29,-24.29,13.84,{'Pass'},0.404,0.3017;
3.9,0.841,0.3793,1.659,0.3793,1.28,-92.89,-23.82,13.77,{'Pass'},0.407,0.3041;
4,0.839,0.3804,1.661,0.3804,1.281,-93.47,-23.37,13.7,{'Pass'},0.41,0.3066;
4.1,0.836,0.3814,1.664,0.3814,1.283,-94.03,-22.93,13.64,{'Pass'},0.413,0.3089;
4.2,0.834,0.3825,1.666,0.3825,1.283,-94.57,-22.52,13.57,{'Pass'},0.415,0.3112;
4.3,0.831,0.3835,1.669,0.3835,1.286,-95.1,-22.12,13.51,{'Pass'},0.418,0.3134;
4.4,0.829,0.3845,1.671,0.3845,1.286,-95.61,-21.73,13.46,{'Pass'},0.421,0.3156;
4.5,0.827,0.3855,1.673,0.3855,1.288,-96.11,-21.36,13.4,{'Pass'},0.423,0.3177;
4.6,0.825,0.3865,1.675,0.3865,1.288,-96.59,-21,13.34,{'Pass'},0.425,0.3197;
4.7,0.822,0.3875,1.678,0.3875,1.29,-97.06,-20.65,13.29,{'Pass'},0.428,0.3217;
4.8,0.82,0.3884,1.68,0.3884,1.292,-97.51,-20.32,13.24,{'Pass'},0.43,0.3237;
4.9,0.818,0.3893,1.682,0.3893,1.293,-97.96,-19.99,13.19,{'Pass'},0.432,0.3256;
5,0.816,0.3903,1.684,0.3903,1.294,-98.39,-19.68,13.15,{'Pass'},0.434,0.3275;
];

rram2n1r_vprog2p6V_inv1 = [ % Wprog, Vds1, Vds2, Vte, Vbe, Vrram, Iprog, Iprog_Wprog, Ron, Breakdown_check
1,1.032,0.3836,1.568,0.3836,1.184,-63.46,-63.46,18.66,{'Pass'},0.26,0.1866;
1.1,1.024,0.3815,1.576,0.3815,1.195,-66.1,-60.09,18.07,{'Pass'},0.272,0.1956;
1.2,1.015,0.3811,1.585,0.3811,1.204,-68.68,-57.23,17.53,{'Pass'},0.283,0.2045;
1.3,1.006,0.3817,1.594,0.3817,1.212,-71.12,-54.71,17.05,{'Pass'},0.294,0.213;
1.4,0.997,0.3827,1.603,0.3827,1.22,-73.41,-52.43,16.62,{'Pass'},0.305,0.2211;
1.5,0.988,0.384,1.612,0.384,1.228,-75.56,-50.37,16.25,{'Pass'},0.314,0.2288;
1.6,0.98,0.3854,1.62,0.3854,1.235,-77.58,-48.49,15.91,{'Pass'},0.324,0.2361;
1.7,0.973,0.387,1.627,0.387,1.24,-79.49,-46.76,15.6,{'Pass'},0.332,0.2431;
1.8,0.966,0.3886,1.634,0.3886,1.245,-81.28,-45.15,15.33,{'Pass'},0.341,0.2497;
1.9,0.959,0.3901,1.641,0.3901,1.251,-82.94,-43.65,15.08,{'Pass'},0.348,0.2559;
2,0.953,0.3912,1.647,0.3912,1.256,-84.42,-42.21,14.87,{'Pass'},0.355,0.2615;
2.1,0.948,0.3925,1.652,0.3925,1.26,-85.84,-40.88,14.67,{'Pass'},0.362,0.2668;
2.2,0.943,0.3938,1.657,0.3938,1.263,-87.2,-39.63,14.49,{'Pass'},0.368,0.272;
2.3,0.938,0.3952,1.662,0.3952,1.267,-88.49,-38.47,14.32,{'Pass'},0.374,0.277;
2.4,0.933,0.3967,1.667,0.3967,1.27,-89.73,-37.39,14.16,{'Pass'},0.38,0.2818;
2.5,0.928,0.3981,1.672,0.3981,1.274,-90.91,-36.37,14.01,{'Pass'},0.386,0.2864;
2.6,0.924,0.3996,1.676,0.3996,1.276,-92.05,-35.4,13.87,{'Pass'},0.391,0.2909;
2.7,0.919,0.4011,1.681,0.4011,1.28,-93.14,-34.49,13.74,{'Pass'},0.396,0.2952;
2.8,0.915,0.4026,1.685,0.4026,1.282,-94.18,-33.63,13.62,{'Pass'},0.401,0.2993;
2.9,0.911,0.4041,1.689,0.4041,1.285,-95.18,-32.82,13.5,{'Pass'},0.406,0.3033;
3,0.907,0.4056,1.693,0.4056,1.287,-96.14,-32.05,13.4,{'Pass'},0.411,0.3072;
3.1,0.903,0.407,1.697,0.407,1.29,-97.06,-31.31,13.29,{'Pass'},0.415,0.3109;
3.2,0.899,0.4085,1.701,0.4085,1.292,-97.92,-30.6,13.2,{'Pass'},0.419,0.3145;
3.3,0.896,0.41,1.704,0.41,1.294,-98.74,-29.92,13.11,{'Pass'},0.423,0.3178;
3.4,0.892,0.4114,1.708,0.4114,1.297,-99.54,-29.28,13.03,{'Pass'},0.427,0.3211;
3.5,0.889,0.4128,1.711,0.4128,1.298,-100.3,-28.66,12.95,{'Pass'},0.431,0.3242;
3.6,0.886,0.4141,1.714,0.4141,1.3,-101,-28.06,12.87,{'Pass'},0.434,0.3273;
3.7,0.883,0.4154,1.717,0.4154,1.302,-101.7,-27.5,12.8,{'Pass'},0.438,0.3303;
3.8,0.88,0.4167,1.72,0.4167,1.303,-102.4,-26.95,12.73,{'Pass'},0.441,0.3331;
3.9,0.877,0.418,1.723,0.418,1.305,-103.1,-26.43,12.66,{'Pass'},0.444,0.3359;
4,0.874,0.4193,1.726,0.4193,1.307,-103.7,-25.93,12.6,{'Pass'},0.447,0.3386;
4.1,0.871,0.4205,1.729,0.4205,1.308,-104.4,-25.45,12.54,{'Pass'},0.45,0.3413;
4.2,0.869,0.4217,1.731,0.4217,1.309,-105,-24.99,12.48,{'Pass'},0.453,0.3438;
4.3,0.866,0.4229,1.734,0.4229,1.311,-105.5,-24.54,12.42,{'Pass'},0.456,0.3463;
4.4,0.864,0.424,1.736,0.424,1.312,-106.1,-24.11,12.37,{'Pass'},0.459,0.3487;
4.5,0.861,0.4252,1.739,0.4252,1.314,-106.6,-23.7,12.32,{'Pass'},0.462,0.3511;
4.6,0.859,0.4263,1.741,0.4263,1.315,-107.2,-23.3,12.27,{'Pass'},0.464,0.3534;
4.7,0.856,0.4274,1.744,0.4274,1.317,-107.7,-22.91,12.22,{'Pass'},0.467,0.3556;
4.8,0.854,0.4285,1.746,0.4285,1.317,-108.2,-22.54,12.18,{'Pass'},0.469,0.3578;
4.9,0.852,0.4295,1.748,0.4295,1.319,-108.7,-22.18,12.13,{'Pass'},0.472,0.3599;
5,0.85,0.4305,1.75,0.4305,1.32,-109.2,-21.83,12.09,{'Pass'},0.474,0.362;
];

