%% Format
% input size, number of fin in each transistor, delay, leakage power, dynamic power, energy per toggle;

%% RRAM MUX improved design, long wires is placed close to input inverters
rram_mux_improv_1level_parasitic_x0_0p5V = [
% input size = 2
2,1,1.696e-11,6.551e-09,2.251e-06,7.886e-17;
2,2,1.542e-11,9.614e-09,2.609e-06,8.622e-17;
2,3,1.571e-11,1.286e-08,2.8005e-06,9.28e-17;
% input size 4
4,1,1.717e-11,1.2e-08,2.2625e-06,8.014e-17;
4,2,1.567e-11,1.735e-08,2.629e-06,8.7755e-17;
4,3,1.5655e-11,2.251e-08,2.7585e-06,9.142e-17;
% input size 6
6,1,1.7665e-11,1.736e-08,2.271e-06,8.155e-17;
6,2,1.59e-11,2.491e-08,2.629e-06,8.93e-17;
6,3,1.5995e-11,3.213e-08,2.8515e-06,9.6285e-17;
% input size 8
8,1,1.81e-11,2.282e-08,2.2765e-06,8.3e-17;
8,2,1.61e-11,3.265e-08,2.644e-06,9.084e-17;
8,3,1.6215e-11,4.174e-08,2.878e-06,9.802e-17;
% input size 10
10,1,1.851e-11,2.82e-08,2.282e-06,8.45e-17;
10,2,1.623e-11,4.021e-08,2.658e-06,9.215e-17;
10,3,1.644e-11,5.133e-08,2.9055e-06,9.9695e-17;
% input size 12
12,1,1.8505e-11,3.357e-08,2.278e-06,8.5975e-17;
12,2,1.644e-11,4.687e-08,2.6755e-06,9.369e-17;
12,3,1.667e-11,6.09e-08,2.8685e-06,9.842e-17;
% input size 14
14,1,1.9315e-11,3.872e-08,2.2895e-06,8.751e-17;
14,2,1.6675e-11,5.427e-08,2.6945e-06,9.5225e-17;
14,3,1.691e-11,7.047e-08,2.896e-06,1.00155e-16;
% input size 16
16,1,1.958e-11,4.403e-08,2.2965e-06,8.898e-17;
16,2,1.697e-11,6.167e-08,2.712e-06,9.699e-17;
16,3,1.739e-11,8.003e-08,2.991e-06,1.04795e-16;
% input size 18
18,1,1.986e-11,4.934e-08,2.3235e-06,9.0445e-17;
18,2,1.721e-11,6.905e-08,2.7305e-06,9.852e-17;
18,3,1.7595e-11,8.958e-08,3.017e-06,1.0654e-16;
% input size 20
20,1,2.013e-11,5.464e-08,2.3095e-06,9.1885e-17;
20,2,1.745e-11,7.655e-08,2.751e-06,1.00225e-16;
20,3,1.7555e-11,9.913e-08,2.975e-06,1.0538e-16;
% input size 22
22,1,2.041e-11,5.927e-08,2.316e-06,9.3345e-17;
22,2,1.77e-11,8.393e-08,2.7705e-06,1.01775e-16;
22,3,1.774e-11,1.087e-07,2.9995e-06,1.0715e-16;
% input size 24
24,1,2.0665e-11,6.449e-08,2.325e-06,9.4735e-17;
24,2,1.797e-11,9.13e-08,2.79e-06,1.0325e-16;
24,3,1.791e-11,1.182e-07,3.0235e-06,1.089e-16;
% input size 26
26,1,2.0915e-11,6.971e-08,2.3345e-06,9.614e-17;
26,2,1.8155e-11,9.867e-08,2.811e-06,1.0495e-16;
26,3,1.807e-11,1.277e-07,3.0475e-06,1.106e-16;
% input size 28
28,1,2.1215e-11,7.492e-08,2.345e-06,9.7575e-17;
28,2,1.844e-11,1.06e-07,2.8305e-06,1.0655e-16;
28,3,1.8225e-11,1.374e-07,3.0715e-06,1.1235e-16;
% input size 30
30,1,2.1585e-11,8.012e-08,2.3545e-06,9.901e-17;
30,2,1.8815e-11,1.134e-07,2.85e-06,1.083e-16;
30,3,1.866e-11,1.47e-07,3.167e-06,1.169e-16;
% input size 32
32,1,2.1935e-11,8.532e-08,2.362e-06,1.00495e-16;
32,2,1.9255e-11,1.208e-07,2.8615e-06,1.092e-16;
32,3,1.8925e-11,1.565e-07,3.1785e-06,1.1865e-16;
];

rram_mux_improv_1level_parasitic_x0_0p6V = [
% input size = 2
2,1,1.347e-11,6.64e-09,4.183e-06,1.1975e-16;
2,2,1.1885e-11,1.086e-08,4.834e-06,1.3045e-16;
2,3,1.1835e-11,1.504e-08,5.089e-06,1.3465e-16;
% input size 4
4,1,1.378e-11,1.177e-08,4.214e-06,1.217e-16;
4,2,1.219e-11,1.883e-08,4.861e-06,1.318e-16;
4,3,1.202e-11,2.585e-08,5.134e-06,1.369e-16;
% input size 6
6,1,1.41e-11,1.697e-08,4.231e-06,1.2355e-16;
6,2,1.2525e-11,2.678e-08,4.9025e-06,1.344e-16;
6,3,1.2285e-11,3.664e-08,5.34e-06,1.434e-16;
% input size 8
8,1,1.4435e-11,2.196e-08,4.2325e-06,1.2545e-16;
8,2,1.2415e-11,3.47e-08,4.934e-06,1.3585e-16;
8,3,1.2495e-11,4.741e-08,5.376e-06,1.4565e-16;
% input size 10
10,1,1.46e-11,2.704e-08,4.2555e-06,1.2695e-16;
10,2,1.2955e-11,4.262e-08,4.953e-06,1.3855e-16;
10,3,1.269e-11,5.816e-08,5.41e-06,1.4785e-16;
% input size 12
12,1,1.4995e-11,3.211e-08,4.253e-06,1.2925e-16;
12,2,1.3165e-11,5.052e-08,4.9785e-06,1.4065e-16;
12,3,1.288e-11,6.89e-08,5.443e-06,1.5015e-16;
% input size 14
14,1,1.533e-11,3.719e-08,4.247e-06,1.31e-16;
14,2,1.315e-11,5.841e-08,5.056e-06,1.4175e-16;
14,3,1.3065e-11,7.964e-08,5.4695e-06,1.525e-16;
% input size 16
16,1,1.554e-11,4.252e-08,4.263e-06,1.3265e-16;
16,2,1.3365e-11,6.654e-08,4.9985e-06,1.445e-16;
16,3,1.324e-11,9.039e-08,5.4895e-06,1.5505e-16;
% input size 18
18,1,1.5615e-11,4.76e-08,4.2635e-06,1.348e-16;
18,2,1.357e-11,7.443e-08,5.0205e-06,1.458e-16;
18,3,1.3415e-11,1.011e-07,5.522e-06,1.573e-16;
% input size 20
20,1,1.5975e-11,5.268e-08,4.2605e-06,1.368e-16;
20,2,1.3755e-11,8.204e-08,5.048e-06,1.477e-16;
20,3,1.339e-11,1.118e-07,5.6585e-06,1.5925e-16;
% input size 22
22,1,1.63e-11,5.736e-08,4.3e-06,1.387e-16;
22,2,1.3935e-11,8.99e-08,5.0755e-06,1.4965e-16;
22,3,1.3745e-11,1.225e-07,5.605e-06,1.614e-16;
% input size 24
24,1,1.662e-11,6.238e-08,4.309e-06,1.406e-16;
24,2,1.4115e-11,9.776e-08,5.1e-06,1.5165e-16;
24,3,1.391e-11,1.332e-07,5.6425e-06,1.635e-16;
% input size 26
26,1,1.6935e-11,6.74e-08,4.3225e-06,1.4245e-16;
26,2,1.4275e-11,1.054e-07,5.1015e-06,1.5185e-16;
26,3,1.4065e-11,1.439e-07,5.679e-06,1.657e-16;
% input size 28
28,1,1.727e-11,7.242e-08,4.337e-06,1.444e-16;
28,2,1.4455e-11,1.132e-07,5.125e-06,1.538e-16;
28,3,1.422e-11,1.552e-07,5.713e-06,1.6795e-16;
% input size 30
30,1,1.762e-11,7.744e-08,4.349e-06,1.463e-16;
30,2,1.483e-11,1.213e-07,5.2075e-06,1.576e-16;
30,3,1.4345e-11,1.659e-07,5.743e-06,1.703e-16;
% input size 32
32,1,1.8005e-11,8.245e-08,4.3565e-06,1.481e-16;
32,2,1.4965e-11,1.288e-07,5.231e-06,1.5955e-16;
32,3,1.45e-11,1.766e-07,5.8155e-06,1.729e-16;
];

rram_mux_improv_1level_parasitic_x0_0p7V = [
% input size = 2
2,1,1.1825e-11,7.666e-09,6.7345e-06,1.7185e-16;
2,2,1.045e-11,1.294e-08,7.8005e-06,1.856e-16;
2,3,1.01295e-11,1.816e-08,8.458e-06,1.9825e-16;
% input size 4
4,1,1.2045e-11,1.323e-08,6.7685e-06,1.7455e-16;
4,2,1.0655e-11,2.194e-08,7.8155e-06,1.8795e-16;
4,3,1.0265e-11,3.11e-08,8.5295e-06,2.01e-16;
% input size 6
6,1,1.229e-11,1.858e-08,6.7565e-06,1.762e-16;
6,2,1.0845e-11,3.136e-08,7.859e-06,1.906e-16;
6,3,1.0385e-11,4.39e-08,8.572e-06,2.035e-16;
% input size 8
8,1,1.2575e-11,2.41e-08,6.773e-06,1.7855e-16;
8,2,1.1e-11,4.012e-08,7.902e-06,1.9315e-16;
8,3,1.05e-11,5.668e-08,8.6435e-06,2.066e-16;
% input size 10
10,1,1.2955e-11,2.963e-08,6.783e-06,1.8105e-16;
10,2,1.116e-11,4.92e-08,7.9445e-06,1.9575e-16;
10,3,1.0615e-11,6.945e-08,8.7035e-06,2.0955e-16;
% input size 12
12,1,1.329e-11,3.515e-08,6.801e-06,1.8375e-16;
12,2,1.1315e-11,5.827e-08,7.9785e-06,1.984e-16;
12,3,1.0765e-11,8.154e-08,8.7225e-06,2.125e-16;
% input size 14
14,1,1.334e-11,4.066e-08,6.804e-06,1.859e-16;
14,2,1.1495e-11,6.733e-08,8.0175e-06,2.01e-16;
14,3,1.0845e-11,9.419e-08,8.937e-06,2.176e-16;
% input size 16
16,1,1.393e-11,4.617e-08,6.823e-06,1.89e-16;
16,2,1.167e-11,7.64e-08,8.0355e-06,2.0365e-16;
16,3,1.1045e-11,1.068e-07,8.855e-06,2.183e-16;
% input size 18
18,1,1.425e-11,5.168e-08,6.8125e-06,1.9155e-16;
18,2,1.184e-11,8.544e-08,8.0705e-06,2.063e-16;
18,3,1.1185e-11,1.195e-07,8.881e-06,2.212e-16;
% input size 20
20,1,1.4505e-11,5.719e-08,6.849e-06,1.939e-16;
20,2,1.2015e-11,9.449e-08,8.106e-06,2.0895e-16;
20,3,1.1325e-11,1.321e-07,8.9605e-06,2.237e-16;
% input size 22
22,1,1.4815e-11,6.269e-08,6.843e-06,1.962e-16;
22,2,1.218e-11,1.035e-07,8.136e-06,2.115e-16;
22,3,1.147e-11,1.447e-07,9.0095e-06,2.2655e-16;
% input size 24
24,1,1.4865e-11,6.079e-08,6.906e-06,1.9885e-16;
24,2,1.2065e-11,1.126e-07,8.2455e-06,2.139e-16;
24,3,1.164e-11,1.574e-07,9.062e-06,2.294e-16;
% input size 26
26,1,1.5145e-11,6.566e-08,6.895e-06,2.015e-16;
26,2,1.2275e-11,1.216e-07,8.2785e-06,2.1645e-16;
26,3,1.181e-11,1.7e-07,9.11e-06,2.3225e-16;
% input size 28
28,1,1.55e-11,7.053e-08,6.9e-06,2.037e-16;
28,2,1.247e-11,1.307e-07,8.2935e-06,2.191e-16;
28,3,1.1965e-11,1.826e-07,9.1575e-06,2.3515e-16;
% input size 30
30,1,1.5635e-11,7.541e-08,6.9025e-06,2.065e-16;
30,2,1.267e-11,1.397e-07,8.317e-06,2.217e-16;
30,3,1.211e-11,1.952e-07,9.203e-06,2.38e-16;
% input size 32
32,1,1.5775e-11,8.028e-08,6.9105e-06,2.097e-16;
32,2,1.2865e-11,1.488e-07,8.364e-06,2.2465e-16;
32,3,1.226e-11,2.079e-07,9.2485e-06,2.409e-16;
];
