rram2t1r_vprog2p5V_inv1 = [ % Wprog, Vds1, Vds2, Vte, Vbe, Vrram, Iprog, Iprog_Wprog, Ron, Breakdown_check
1,0.731,0.53,1.769,0.53,1.239,-79.12,-79.12,15.66,{'Pass'},0.34,0.2492;
1.1,0.726,0.5255,1.774,0.5255,1.248,-82.24,-74.76,15.18,{'Pass'},0.355,0.2612;
1.2,0.721,0.5218,1.779,0.5218,1.257,-85.05,-70.87,14.78,{'Pass'},0.369,0.2723;
1.3,0.717,0.5189,1.783,0.5189,1.264,-87.57,-67.36,14.44,{'Pass'},0.381,0.2824;
1.4,0.713,0.5165,1.787,0.5165,1.27,-89.86,-64.18,14.14,{'Pass'},0.392,0.2916;
1.5,0.709,0.5144,1.791,0.5144,1.277,-91.94,-61.29,13.89,{'Pass'},0.402,0.3002;
1.6,0.706,0.5127,1.794,0.5127,1.281,-93.84,-58.65,13.66,{'Pass'},0.412,0.3081;
1.7,0.703,0.5112,1.797,0.5112,1.286,-95.58,-56.22,13.46,{'Pass'},0.42,0.3155;
1.8,0.7,0.5099,1.8,0.5099,1.29,-97.18,-53.99,13.28,{'Pass'},0.428,0.3223;
1.9,0.697,0.5087,1.803,0.5087,1.294,-98.66,-51.93,13.12,{'Pass'},0.436,0.3287;
2,0.695,0.5078,1.805,0.5078,1.297,-100,-50.02,12.97,{'Pass'},0.443,0.3346;
2.1,0.692,0.5069,1.808,0.5069,1.301,-101.3,-48.24,12.84,{'Pass'},0.449,0.3402;
2.2,0.69,0.5062,1.81,0.5062,1.304,-102.5,-46.58,12.72,{'Pass'},0.455,0.3454;
2.3,0.688,0.5055,1.812,0.5055,1.307,-103.6,-45.03,12.61,{'Pass'},0.461,0.3503;
2.4,0.686,0.505,1.814,0.505,1.309,-104.6,-43.59,12.51,{'Pass'},0.466,0.3549;
2.5,0.684,0.5045,1.816,0.5045,1.311,-105.6,-42.23,12.42,{'Pass'},0.471,0.3593;
2.6,0.683,0.504,1.817,0.504,1.313,-106.5,-40.95,12.34,{'Pass'},0.476,0.3634;
2.7,0.681,0.5036,1.819,0.5036,1.315,-107.3,-39.75,12.26,{'Pass'},0.48,0.3673;
2.8,0.68,0.5033,1.82,0.5033,1.317,-108.1,-38.61,12.18,{'Pass'},0.484,0.3709;
2.9,0.678,0.503,1.822,0.503,1.319,-108.9,-37.54,12.11,{'Pass'},0.488,0.3744;
3,0.677,0.5027,1.823,0.5027,1.32,-109.6,-36.53,12.05,{'Pass'},0.492,0.3778;
3.1,0.675,0.5024,1.825,0.5024,1.323,-110.2,-35.56,11.99,{'Pass'},0.495,0.3809;
3.2,0.674,0.5023,1.826,0.5023,1.324,-110.9,-34.65,11.94,{'Pass'},0.499,0.3838;
3.3,0.673,0.5023,1.827,0.5023,1.325,-111.5,-33.78,11.89,{'Pass'},0.502,0.3866;
3.4,0.672,0.5022,1.828,0.5022,1.326,-112,-32.95,11.84,{'Pass'},0.505,0.3893;
3.5,0.671,0.5022,1.829,0.5022,1.327,-112.6,-32.16,11.79,{'Pass'},0.508,0.3918;
3.6,0.669,0.5022,1.831,0.5022,1.329,-113.1,-31.4,11.75,{'Pass'},0.51,0.3942;
3.7,0.668,0.5021,1.832,0.5021,1.33,-113.5,-30.69,11.71,{'Pass'},0.513,0.3966;
3.8,0.667,0.5021,1.833,0.5021,1.331,-114,-30,11.67,{'Pass'},0.515,0.3988;
3.9,0.667,0.5021,1.833,0.5021,1.331,-114.4,-29.35,11.63,{'Pass'},0.518,0.4009;
4,0.666,0.502,1.834,0.502,1.332,-114.9,-28.72,11.6,{'Pass'},0.52,0.403;
4.1,0.665,0.502,1.835,0.502,1.333,-115.3,-28.12,11.57,{'Pass'},0.522,0.405;
4.2,0.664,0.502,1.836,0.502,1.334,-115.7,-27.54,11.53,{'Pass'},0.524,0.4069;
4.3,0.663,0.502,1.837,0.502,1.335,-116,-26.99,11.5,{'Pass'},0.526,0.4087;
4.4,0.662,0.502,1.838,0.502,1.336,-116.4,-26.45,11.47,{'Pass'},0.528,0.4105;
4.5,0.662,0.502,1.838,0.502,1.336,-116.7,-25.94,11.45,{'Pass'},0.53,0.4122;
4.6,0.661,0.5019,1.839,0.5019,1.337,-117.1,-25.45,11.42,{'Pass'},0.532,0.4138;
4.7,0.66,0.5019,1.84,0.5019,1.338,-117.4,-24.98,11.4,{'Pass'},0.533,0.4154;
4.8,0.66,0.5019,1.84,0.5019,1.338,-117.7,-24.52,11.37,{'Pass'},0.535,0.4169;
4.9,0.659,0.5019,1.841,0.5019,1.339,-118,-24.08,11.35,{'Pass'},0.537,0.4184;
5,0.659,0.5019,1.841,0.5019,1.339,-118.3,-23.66,11.33,{'Pass'},0.538,0.4198;
];

rram2t1r_vprog2p6V_inv1 = [ % Wprog, Vds1, Vds2, Vte, Vbe, Vrram, Iprog, Iprog_Wprog, Ron, Breakdown_check
1,0.773,0.5678,1.827,0.5678,1.259,-85.88,-85.88,14.67,{'Pass'},0.362,0.267;
1.1,0.768,0.563,1.832,0.563,1.269,-89.28,-81.16,14.22,{'Pass'},0.378,0.2801;
1.2,0.763,0.5591,1.837,0.5591,1.278,-92.34,-76.95,13.84,{'Pass'},0.392,0.292;
1.3,0.759,0.556,1.841,0.556,1.285,-95.09,-73.15,13.51,{'Pass'},0.405,0.303;
1.4,0.755,0.5535,1.845,0.5535,1.292,-97.57,-69.69,13.24,{'Pass'},0.417,0.313;
1.5,0.751,0.5514,1.849,0.5514,1.298,-99.83,-66.56,12.99,{'Pass'},0.428,0.3223;
1.6,0.748,0.5495,1.852,0.5495,1.302,-101.9,-63.69,12.78,{'Pass'},0.438,0.3309;
1.7,0.745,0.548,1.855,0.548,1.307,-103.8,-61.05,12.59,{'Pass'},0.448,0.3389;
1.8,0.742,0.5467,1.858,0.5467,1.311,-105.5,-58.63,12.42,{'Pass'},0.456,0.3463;
1.9,0.74,0.5455,1.86,0.5455,1.314,-107.1,-56.39,12.27,{'Pass'},0.464,0.3532;
2,0.737,0.5446,1.863,0.5446,1.318,-108.6,-54.31,12.14,{'Pass'},0.472,0.3597;
2.1,0.735,0.5437,1.865,0.5437,1.321,-110,-52.38,12.01,{'Pass'},0.478,0.3657;
2.2,0.733,0.543,1.867,0.543,1.324,-111.3,-50.58,11.9,{'Pass'},0.485,0.3714;
2.3,0.731,0.5424,1.869,0.5424,1.327,-112.5,-48.9,11.8,{'Pass'},0.491,0.3767;
2.4,0.729,0.5418,1.871,0.5418,1.329,-113.6,-47.33,11.7,{'Pass'},0.497,0.3817;
2.5,0.727,0.5414,1.873,0.5414,1.332,-114.6,-45.85,11.62,{'Pass'},0.502,0.3865;
2.6,0.725,0.5409,1.875,0.5409,1.334,-115.6,-44.46,11.54,{'Pass'},0.507,0.3909;
2.7,0.724,0.5406,1.876,0.5406,1.335,-116.5,-43.16,11.46,{'Pass'},0.512,0.3951;
2.8,0.722,0.5403,1.878,0.5403,1.338,-117.4,-41.92,11.4,{'Pass'},0.516,0.3991;
2.9,0.721,0.54,1.879,0.54,1.339,-118.2,-40.76,11.33,{'Pass'},0.52,0.4029;
3,0.719,0.5397,1.881,0.5397,1.341,-119,-39.66,11.27,{'Pass'},0.524,0.4065;
3.1,0.718,0.5395,1.882,0.5395,1.343,-119.7,-38.61,11.22,{'Pass'},0.528,0.41;
3.2,0.717,0.5395,1.883,0.5395,1.344,-120.4,-37.62,11.17,{'Pass'},0.531,0.4132;
3.3,0.715,0.5394,1.885,0.5394,1.346,-121,-36.67,11.12,{'Pass'},0.535,0.4162;
3.4,0.714,0.5394,1.886,0.5394,1.347,-121.6,-35.77,11.07,{'Pass'},0.538,0.4191;
3.5,0.713,0.5394,1.887,0.5394,1.348,-122.2,-34.91,11.03,{'Pass'},0.541,0.4218;
3.6,0.712,0.5394,1.888,0.5394,1.349,-122.7,-34.09,10.99,{'Pass'},0.544,0.4245;
3.7,0.711,0.5394,1.889,0.5394,1.35,-123.3,-33.31,10.95,{'Pass'},0.546,0.427;
3.8,0.71,0.5394,1.89,0.5394,1.351,-123.8,-32.57,10.92,{'Pass'},0.549,0.4294;
3.9,0.709,0.5394,1.891,0.5394,1.352,-124.2,-31.85,10.88,{'Pass'},0.551,0.4317;
4,0.708,0.5394,1.892,0.5394,1.353,-124.7,-31.17,10.85,{'Pass'},0.554,0.434;
4.1,0.707,0.5394,1.893,0.5394,1.354,-125.1,-30.52,10.82,{'Pass'},0.556,0.4361;
4.2,0.706,0.5394,1.894,0.5394,1.355,-125.5,-29.89,10.79,{'Pass'},0.558,0.4382;
4.3,0.705,0.5395,1.895,0.5395,1.356,-125.9,-29.29,10.76,{'Pass'},0.561,0.4402;
4.4,0.704,0.5395,1.896,0.5395,1.357,-126.3,-28.71,10.73,{'Pass'},0.562,0.4421;
4.5,0.704,0.5395,1.896,0.5395,1.357,-126.7,-28.16,10.71,{'Pass'},0.565,0.4439;
4.6,0.703,0.5395,1.897,0.5395,1.357,-127.1,-27.62,10.68,{'Pass'},0.566,0.4457;
4.7,0.702,0.5395,1.898,0.5395,1.359,-127.4,-27.11,10.66,{'Pass'},0.568,0.4474;
4.8,0.702,0.5395,1.898,0.5395,1.359,-127.7,-26.61,10.64,{'Pass'},0.57,0.4491;
4.9,0.701,0.5396,1.899,0.5396,1.359,-128.1,-26.13,10.62,{'Pass'},0.572,0.4507;
5,0.7,0.5396,1.9,0.5396,1.36,-128.4,-25.67,10.6,{'Pass'},0.573,0.4523;
];

