mdata = [
%vpr_only,LUTs,min_route_chan_width,fix_route_chan_width,Netlistclbblocks:,Finalcriticalpath:,Totallogicdelay:,totalnetdelay:,Totalroutingarea:,Totalusedlogicblockarea:,Totalwirelength:,Packingtook,Placementtook,Routingtook,MaximumSwitchBlockMultiplexersize:,MaximumConnectionBlockMultiplexersize:
{'LU8PEEng'},22675,128,168,2165,410.407,5.90415e-08,3.51365e-07,9.36737e+07,5.2483e+07,565705,327.99,145.28,177.42,22,32;
{'bgm'},32384,128,168,3131,100.306,1.22582e-08,8.80482e-08,1.30727e+08,4.00118e+07,740900,403.43,210.06,193.28,22,32;
{'blob_merge'},6019,104,140,542,33.5172,6.1352e-09,2.7382e-08,2.08400e+07,6.1723e+06,122330,60.03,26.1,23.22,30,26;
{'boundtop'},3054,80,100,234,24.6504,2.8194e-09,2.1831e-08,7.98796e+06,3.21279e+06,44891,22.32,12.71,8.52,30,18;
{'ch_intrinsics'},425,60,80,37,13.9772,2.1138e-09,1.18634e-08,1.72025e+06,969356,6411,3.03,2.29,1.37,30,16;
{'diffeq1'},485,72,92,37,50.1803,1.60182e-08,3.4162e-08,3.91074e+06,2.40136e+06,13443,2.34,4.19,4.26,30,18;
{'diffeq2'},322,76,96,26,41.0157,1.19254e-08,2.90903e-08,3.95302e+06,2.27609e+06,9270,2.1,3.76,4.4,30,18;
{'mkDelayWorker32B'},5595,112,148,446,23.6683,3.129e-09,2.05393e-08,6.25872e+07,2.8643e+07,157880,68.2,54.98,65.68,30,26;
{'mkPktMerge'},232,48,64,16,13.9769,2.2852e-09,1.16917e-08,9.82644e+06,8.40221e+06,17418,4.14,11.92,12.27,28,14;
{'mkSMAdapter4B'},1977,84,104,165,18.0802,2.7292e-09,1.5351e-08,6.75496e+06,4.61902e+06,34456,19.81,9.24,7.85,30,18;
{'or1200'},3054,104,140,258,34.9467,9.61219e-09,2.53345e-08,2.88673e+07,4.4301e+06,79868,34.74,25.11,24.47,30,26;
{'raygentop'},2147,80,100,176,19.1186,3.1876e-09,1.5931e-08,1.03438e+07,5.32429e+06,44707,23.53,13.21,10.81,30,18;
{'sha'},2277,84,104,209,49.8814,8.18e-09,4.17013e-08,6.11536e+06,2.38009e+06,30646,36.17,8.14,6.53,30,18;
{'stereovision0'},11460,80,100,907,18.4002,2.625e-09,1.57752e-08,2.35669e+07,1.03289e+07,133382,94.38,50.1,23.15,30,18;
{'stereovision1'},10289,128,168,946,16.6249,3.3332e-09,1.32917e-08,4.50390e+07,2.5821e+07,221986,96.35,55.26,54.88,22,32;
{'stereovision3'},180,48,64,13,9.93638,1.6888e-09,8.24758e-09,437838,148044,1179,0.76,0.66,0.39,23,14;
];
