mdata = [
%vpr_only,LUTs,min_route_chan_width,fix_route_chan_width,Netlistclbblocks:,Finalcriticalpath:,Totallogicdelay:,totalnetdelay:,Totalroutingarea:,Totalusedlogicblockarea:,Totalwirelength:,Packingtook,Placementtook,Routingtook,MaximumSwitchBlockMultiplexersize:,MaximumConnectionBlockMultiplexersize:
{'LU8PEEng'},22675,128,168,2165,407.316,5.61108e-08,3.51205e-07,9.36583e+07,5.2483e+07,572749,327.65,143.74,183.12,23,32;
{'bgm'},32384,128,168,3131,90.7628,1.33588e-08,7.74041e-08,1.30709e+08,4.00118e+07,737471,401.28,212.03,176.5,23,32;
{'blob_merge'},6019,104,140,542,36.167,6.045e-09,3.0122e-08,2.08325e+07,6.1723e+06,119207,62.64,26.38,28.15,31,26;
{'boundtop'},3054,76,96,234,25.1465,3.5838e-09,2.15627e-08,7.97795e+06,3.21279e+06,43241,25.3,12.87,7.77,31,18;
{'ch_intrinsics'},425,64,84,37,12.8172,2.1138e-09,1.07034e-08,1.78969e+06,969356,6307,3.27,2.27,1.54,31,16;
{'diffeq1'},485,80,100,37,51.9003,1.60182e-08,3.5882e-08,3.95943e+06,2.40136e+06,14104,2.32,4.05,5.32,31,18;
{'diffeq2'},322,64,84,26,41.6247,1.20944e-08,2.95303e-08,3.44247e+06,2.27609e+06,9731,2.11,3.94,4.12,31,16;
{'mkDelayWorker32B'},5595,104,140,446,22.9228,3.5318e-09,1.9391e-08,6.02701e+07,2.8643e+07,155618,70.66,54.88,62.92,31,26;
{'mkPktMerge'},232,48,64,16,13.2569,2.2852e-09,1.09717e-08,9.82848e+06,8.40221e+06,16922,4.51,11.97,9.42,28,14;
{'mkSMAdapter4B'},1977,80,100,165,18.0862,2.7352e-09,1.5351e-08,6.45670e+06,4.61902e+06,35872,18.35,9.31,6.95,31,18;
{'or1200'},3054,104,140,258,33.7378,7.3716e-09,2.63662e-08,2.88582e+07,4.4301e+06,80612,36.31,25.81,24.36,31,26;
{'raygentop'},2147,80,100,176,17.0986,3.1876e-09,1.3911e-08,1.03438e+07,5.32429e+06,45076,23.38,13.37,11.87,31,18;
{'sha'},2277,84,104,209,52.3209,7.7396e-09,4.45813e-08,6.11628e+06,2.38009e+06,30562,37.93,8.01,6.17,31,18;
{'stereovision0'},11460,76,96,907,18.0345,2.6952e-09,1.53393e-08,2.35408e+07,1.03289e+07,126193,94.56,48.97,21.9,31,18;
{'stereovision1'},10289,128,168,946,17.9049,3.3332e-09,1.45717e-08,4.50501e+07,2.5821e+07,217258,98.48,54.16,50.87,23,32;
{'stereovision3'},180,48,64,13,8.86018,1.3326e-09,7.52758e-09,437202,148044,1215,0.79,0.7,0.54,23,14;
];
