mdata = [
%vpr_only,LUTs,min_route_chan_width,fix_route_chan_width,Netlistclbblocks:,Finalcriticalpath:,Totallogicdelay:,totalnetdelay:,Totalroutingarea:,Totalusedlogicblockarea:,Totalwirelength:,Packingtook,Placementtook,Routingtook,MaximumSwitchBlockMultiplexersize:,MaximumConnectionBlockMultiplexersize:
{'LU8PEEng'},22675,128,168,2165,408.247,5.47094e-08,3.53538e-07,9.39291e+07,5.2483e+07,566258,332.07,157.57,179.15,23,32;
{'bgm'},32384,128,168,3131,93.8501,1.11136e-08,8.27365e-08,1.31082e+08,4.00118e+07,741951,396.67,220.16,179.15,23,32;
{'blob_merge'},6019,104,140,542,39.5772,6.1352e-09,3.3442e-08,2.08478e+07,6.1723e+06,118066,63.66,26.24,24.06,31,26;
{'boundtop'},3054,80,100,234,27.1665,3.5838e-09,2.35827e-08,7.98504e+06,3.21279e+06,44873,22.17,12.71,7.78,31,18;
{'ch_intrinsics'},425,64,84,37,13.5372,2.1138e-09,1.14234e-08,1.78727e+06,969356,6242,3.31,2.29,1.37,31,16;
{'diffeq1'},485,64,84,37,53.1581,1.5396e-08,3.7762e-08,3.43969e+06,2.40136e+06,13722,2.36,4.1,3.87,31,16;
{'diffeq2'},322,60,80,26,43.2435,1.18532e-08,3.13903e-08,3.31058e+06,2.27609e+06,9994,2.11,3.76,3.7,31,16;
{'mkDelayWorker32B'},5595,112,148,446,23.8645,3.4852e-09,2.03793e-08,6.28261e+07,2.8643e+07,156342,68.01,53.36,66.73,31,26;
{'mkPktMerge'},232,48,64,16,16.7169,2.2852e-09,1.44317e-08,9.82599e+06,8.40221e+06,17391,4.18,12.04,9.06,28,14;
{'mkSMAdapter4B'},1977,80,100,165,18.5202,2.7292e-09,1.5791e-08,6.44978e+06,4.61902e+06,35826,17.79,9.09,6.81,31,18;
{'or1200'},3054,104,140,258,34.6964,6.29019e-09,2.84062e-08,2.88788e+07,4.4301e+06,81252,39.73,24.96,23.24,31,26;
{'raygentop'},2147,84,104,176,16.8704,2.8194e-09,1.4051e-08,1.08795e+07,5.32429e+06,42683,22.88,13.32,12.62,31,18;
{'sha'},2277,76,96,209,52.3175,8.0162e-09,4.43013e-08,5.84664e+06,2.38009e+06,30230,35.6,7.79,5.33,31,18;
{'stereovision0'},11460,84,104,907,17.5945,2.6952e-09,1.48993e-08,2.47897e+07,1.03289e+07,126892,97.65,47.46,24.93,31,18;
{'stereovision1'},10289,128,168,946,15.1849,3.3332e-09,1.18517e-08,4.51605e+07,2.5821e+07,220802,97.18,53.04,55.3,23,32;
{'stereovision3'},180,32,48,13,9.79638,1.6888e-09,8.10758e-09,348807,148044,1173,0.75,0.67,0.26,23,10;
];
