mdata = [
%vpr_only,LUTs,min_route_chan_width,fix_route_chan_width,Netlistclbblocks:,Finalcriticalpath:,Totallogicdelay:,totalnetdelay:,Totalroutingarea:,Totalusedlogicblockarea:,Totalwirelength:,Packingtook,Placementtook,Routingtook,MaximumSwitchBlockMultiplexersize:,MaximumConnectionBlockMultiplexersize:
{'LU8PEEng'},22675,128,168,2165,409.584,5.64102e-08,3.53174e-07,9.36533e+07,5.2483e+07,573618,330.48,145.16,186.56,22,32;
{'bgm'},32384,128,168,3131,91.7628,1.33588e-08,7.84041e-08,1.30703e+08,4.00118e+07,735870,390.72,226.22,176.2,22,32;
{'blob_merge'},6019,104,140,542,35.6772,6.1352e-09,2.9542e-08,2.08341e+07,6.1723e+06,119524,57.63,25.41,25.28,30,26;
{'boundtop'},3054,80,100,234,25.1465,3.5838e-09,2.15627e-08,7.98756e+06,3.21279e+06,44795,22.34,12.88,8.48,30,18;
{'ch_intrinsics'},425,64,84,37,13.5662,2.2828e-09,1.12834e-08,1.78956e+06,969356,6295,2.94,2.24,1.76,30,16;
{'diffeq1'},485,84,104,37,49.1893,1.61872e-08,3.3002e-08,4.14733e+06,2.40136e+06,13125,2.31,3.95,5.34,30,18;
{'diffeq2'},322,68,88,26,42.3363,1.23818e-08,2.99545e-08,3.75639e+06,2.27609e+06,9631,2.11,3.74,3.74,30,18;
{'mkDelayWorker32B'},5595,112,148,446,22.7823,3.123e-09,1.96593e-08,6.25733e+07,2.8643e+07,155340,66.83,53.31,66.95,30,26;
{'mkPktMerge'},232,48,64,16,13.8369,2.2852e-09,1.15517e-08,9.82830e+06,8.40221e+06,16872,4.13,11.79,10.42,28,14;
{'mkSMAdapter4B'},1977,80,100,165,19.2462,2.7352e-09,1.6511e-08,6.45734e+06,4.61902e+06,35647,17.82,9.71,7.47,30,18;
{'or1200'},3054,104,140,258,33.7378,7.3716e-09,2.63662e-08,2.88611e+07,4.4301e+06,80444,33.83,24.28,24.86,30,26;
{'raygentop'},2147,80,100,176,18.3104,2.8194e-09,1.5491e-08,1.03441e+07,5.32429e+06,44939,23.06,13.22,11.69,30,18;
{'sha'},2277,80,100,209,51.4609,7.7396e-09,4.37213e-08,5.84568e+06,2.38009e+06,31783,34.92,8.13,5.94,30,18;
{'stereovision0'},11460,76,96,907,18.1745,2.6952e-09,1.54793e-08,2.35392e+07,1.03289e+07,125980,91.92,46.14,24.38,30,18;
{'stereovision1'},10289,128,168,946,18.6249,3.3332e-09,1.52917e-08,4.50485e+07,2.5821e+07,216697,96.28,55.43,49.86,22,32;
{'stereovision3'},180,48,64,13,8.63638,1.6888e-09,6.94758e-09,437106,148044,1239,0.76,0.65,0.45,23,14;
];
