mdata = [
%vpr_only,LUTs,min_route_chan_width,fix_route_chan_width,Netlistclbblocks:,Finalcriticalpath:,Totallogicdelay:,totalnetdelay:,Totalroutingarea:,Totalusedlogicblockarea:,Totalwirelength:,Packingtook,Placementtook,Routingtook,MaximumSwitchBlockMultiplexersize:,MaximumConnectionBlockMultiplexersize:
{'LU8PEEng'},22675,128,168,2165,410.847,5.90415e-08,3.51805e-07,9.36759e+07,5.2483e+07,565903,328.93,147.84,177.57,23,32;
{'bgm'},32384,128,168,3131,94.1264,1.22582e-08,8.18682e-08,1.30730e+08,4.00118e+07,743198,394.69,212.01,169.51,23,32;
{'blob_merge'},6019,112,148,542,33.3772,6.1352e-09,2.7242e-08,2.16291e+07,6.1723e+06,121637,59.57,26.82,24.97,31,26;
{'boundtop'},3054,76,96,234,24.4545,3.4676e-09,2.09869e-08,7.98498e+06,3.21279e+06,43035,22.27,12.58,8.24,31,18;
{'ch_intrinsics'},425,60,80,37,14.1172,2.1138e-09,1.20034e-08,1.71984e+06,969356,6396,3.22,2.28,1.59,31,16;
{'diffeq1'},485,68,88,37,51.0403,1.60182e-08,3.50221e-08,3.75350e+06,2.40136e+06,13672,2.45,4.09,4.05,31,18;
{'diffeq2'},322,72,92,26,42.6247,1.20944e-08,3.05303e-08,3.90974e+06,2.27609e+06,9201,2.28,3.89,4.68,31,18;
{'mkDelayWorker32B'},5595,104,140,446,23.8083,3.129e-09,2.06793e-08,6.02779e+07,2.8643e+07,159057,69.26,54.44,65.96,31,26;
{'mkPktMerge'},232,48,64,16,13.5569,2.2852e-09,1.12717e-08,9.82581e+06,8.40221e+06,17307,4.61,11.86,12.51,28,14;
{'mkSMAdapter4B'},1977,84,104,165,18.8002,2.7292e-09,1.6071e-08,6.75460e+06,4.61902e+06,34408,18.66,9.27,7.83,31,18;
{'or1200'},3054,96,132,258,34.8203,8.90579e-09,2.59145e-08,2.69760e+07,4.4301e+06,80920,35.91,25.38,24.63,31,24;
{'raygentop'},2147,76,96,176,18.2586,3.1876e-09,1.5071e-08,1.03386e+07,5.32429e+06,42955,22.37,13.2,12.91,31,18;
{'sha'},2277,84,104,209,50.0214,8.18e-09,4.18413e-08,6.11516e+06,2.38009e+06,30169,35.58,8.02,6.19,31,18;
{'stereovision0'},11460,84,104,907,18.2602,2.625e-09,1.56352e-08,2.46566e+07,1.03289e+07,126952,95.52,48.22,26.36,31,18;
{'stereovision1'},10289,128,168,946,16.0449,3.3332e-09,1.27117e-08,4.50395e+07,2.5821e+07,222713,97.39,54.52,53.99,23,32;
{'stereovision3'},180,48,64,13,11.37,1.2424e-09,1.01276e-08,437712,148044,1127,0.81,0.71,0.27,23,14;
];
