mdata = [
%vpr_only,LUTs,min_route_chan_width,fix_route_chan_width,Netlistclbblocks:,Finalcriticalpath:,Totallogicdelay:,totalnetdelay:,Totalroutingarea:,Totalusedlogicblockarea:,Totalwirelength:,Packingtook,Placementtook,Routingtook,MaximumSwitchBlockMultiplexersize:,MaximumConnectionBlockMultiplexersize:
{'LU8PEEng'},22675,128,168,2165,412.987,5.90416e-08,3.53945e-07,9.38466e+07,5.2483e+07,567392,339.29,146.47,179.12,23,32;
{'bgm'},32384,128,168,3131,94.0566,1.26084e-08,8.14482e-08,1.30984e+08,4.00118e+07,746927,405.56,209.63,168.93,23,32;
{'blob_merge'},6019,112,148,542,33.5172,6.1352e-09,2.7382e-08,2.16846e+07,6.1723e+06,121971,59.71,26.23,23.48,31,26;
{'boundtop'},3054,80,100,234,24.5945,3.4676e-09,2.11269e-08,7.97504e+06,3.21279e+06,45163,22.33,12.39,8.38,31,18;
{'ch_intrinsics'},425,60,80,37,14.1172,2.1138e-09,1.20034e-08,1.71755e+06,969356,6312,2.82,2.29,1.33,31,16;
{'diffeq1'},485,76,96,37,48.3003,1.60182e-08,3.2282e-08,3.94673e+06,2.40136e+06,13300,3.08,4.16,4.34,31,18;
{'diffeq2'},322,72,92,26,42.6157,1.19254e-08,3.06903e-08,3.90915e+06,2.27609e+06,9280,2.08,4.47,5.2,31,18;
{'mkDelayWorker32B'},5595,112,148,446,22.9483,3.129e-09,1.98193e-08,6.27654e+07,2.8643e+07,159299,67.72,54.01,66.97,31,26;
{'mkPktMerge'},232,48,64,16,13.9769,2.2852e-09,1.16917e-08,9.81608e+06,8.40221e+06,17634,4.33,11.82,12.41,28,14;
{'mkSMAdapter4B'},1977,84,104,165,17.9402,2.7292e-09,1.5211e-08,6.78285e+06,4.61902e+06,34513,17.77,9.04,7.8,31,18;
{'or1200'},3054,104,140,258,34.8067,9.61219e-09,2.51945e-08,2.88459e+07,4.4301e+06,80328,37.54,25.22,23.72,31,26;
{'raygentop'},2147,76,96,176,19.1186,3.1876e-09,1.5931e-08,1.03258e+07,5.32429e+06,43368,26.97,13,10.18,31,18;
{'sha'},2277,84,104,209,49.8814,8.18e-09,4.17013e-08,6.13928e+06,2.38009e+06,30387,35.28,7.89,5.93,31,18;
{'stereovision0'},11460,84,104,907,18.4002,2.625e-09,1.57752e-08,2.47761e+07,1.03289e+07,128043,92.19,48.21,25.52,31,18;
{'stereovision1'},10289,128,168,946,16.0449,3.3332e-09,1.27117e-08,4.51193e+07,2.5821e+07,223320,99.66,53.29,56.16,23,32;
{'stereovision3'},180,48,64,13,8.63638,1.6888e-09,6.94758e-09,435534,148044,1142,0.91,0.82,0.4,23,14;
];
