mdata = [
%vpr_only,LUTs,min_route_chan_width,fix_route_chan_width,Netlistclbblocks:,Finalcriticalpath:,Totallogicdelay:,totalnetdelay:,Totalroutingarea:,Totalusedlogicblockarea:,Totalwirelength:,Packingtook,Placementtook,Routingtook,MaximumSwitchBlockMultiplexersize:,MaximumConnectionBlockMultiplexersize:
{'LU8PEEng'},22675,128,168,2165,406.084,5.55822e-08,3.50502e-07,9.36586e+07,5.2483e+07,567126,333.29,156.49,179.92,23,32;
{'bgm'},32384,128,168,3131,91.8437,1.04072e-08,8.14365e-08,1.30709e+08,4.00118e+07,740520,392.12,214.24,182.91,23,32;
{'blob_merge'},6019,104,140,542,39.4372,6.1352e-09,3.3302e-08,2.08332e+07,6.1723e+06,118392,59.85,26.48,23.37,31,26;
{'boundtop'},3054,80,100,234,27.1665,3.5838e-09,2.35827e-08,7.98689e+06,3.21279e+06,45059,22.19,12.96,7.86,31,18;
{'ch_intrinsics'},425,64,84,37,13.5372,2.1138e-09,1.14234e-08,1.78997e+06,969356,6153,3.02,2.28,1.23,31,16;
{'diffeq1'},485,64,84,37,52.6203,1.60182e-08,3.6602e-08,3.44290e+06,2.40136e+06,13478,2.37,4.1,3.69,31,16;
{'diffeq2'},322,60,80,26,43.239,1.19728e-08,3.12662e-08,3.31314e+06,2.27609e+06,9977,2.35,4.3,3.46,31,16;
{'mkDelayWorker32B'},5595,104,140,446,23.5644,3.0292e-09,2.05352e-08,6.02713e+07,2.8643e+07,156061,69.11,53.95,63.77,31,26;
{'mkPktMerge'},232,48,64,16,16.9969,2.2852e-09,1.47117e-08,9.82986e+06,8.40221e+06,17268,4.1,11.85,9.26,28,14;
{'mkSMAdapter4B'},1977,84,104,165,18.6602,2.7292e-09,1.5931e-08,6.76127e+06,4.61902e+06,34345,17.62,9.02,7.1,31,18;
{'or1200'},3054,96,132,258,33.8164,6.29019e-09,2.75262e-08,2.69703e+07,4.4301e+06,81282,36.11,25.04,26.09,31,24;
{'raygentop'},2147,84,104,176,18.3104,2.8194e-09,1.5491e-08,1.08257e+07,5.32429e+06,41772,22.33,13.59,13.06,31,18;
{'sha'},2277,72,92,209,52.7376,8.0162e-09,4.47213e-08,5.78394e+06,2.38009e+06,30478,35.57,7.92,6.16,31,18;
{'stereovision0'},11460,84,104,907,17.5945,2.6952e-09,1.48993e-08,2.46588e+07,1.03289e+07,126070,94.77,47.59,24.05,31,18;
{'stereovision1'},10289,128,168,946,15.6049,3.3332e-09,1.22717e-08,4.50505e+07,2.5821e+07,220238,95.84,54.18,57.77,23,32;
{'stereovision3'},180,32,48,13,9.53978,1.1522e-09,8.38758e-09,348246,148044,1282,0.77,0.7,0.34,23,10;
];
