mdata = [
%vpr_only,LUTs,min_route_chan_width,fix_route_chan_width,Netlistclbblocks:,Finalcriticalpath:,Totallogicdelay:,totalnetdelay:,Totalroutingarea:,Totalusedlogicblockarea:,Totalwirelength:,Packingtook,Placementtook,Routingtook,MaximumSwitchBlockMultiplexersize:,MaximumConnectionBlockMultiplexersize:
{'LU8PEEng'},22675,128,168,2165,405.508,5.44508e-08,3.51058e-07,9.36549e+07,5.2483e+07,565493,319.67,156.75,173.13,22,32;
{'bgm'},32384,128,168,3131,92.6961,1.11196e-08,8.15765e-08,1.30704e+08,4.00118e+07,740777,392.95,228.42,178.47,22,32;
{'blob_merge'},6019,104,140,542,39.2972,6.1352e-09,3.3162e-08,2.08361e+07,6.1723e+06,119093,58.57,26.28,24.39,30,26;
{'boundtop'},3054,80,100,234,28.0265,3.5838e-09,2.44427e-08,7.98779e+06,3.21279e+06,44995,22.25,12.42,7.46,30,18;
{'ch_intrinsics'},425,64,84,37,13.5372,2.1138e-09,1.14234e-08,1.78944e+06,969356,6204,3.03,2.28,1.36,30,16;
{'diffeq1'},485,64,84,37,52.2003,1.60182e-08,3.6182e-08,3.44216e+06,2.40136e+06,13518,2.36,4.09,4.35,30,16;
{'diffeq2'},322,60,80,26,43.6835,1.18532e-08,3.18303e-08,3.31284e+06,2.27609e+06,9915,2.13,3.73,3.51,30,16;
{'mkDelayWorker32B'},5595,104,140,446,24.1422,2.7588e-09,2.13834e-08,6.02808e+07,2.8643e+07,156923,67.73,53.05,64.44,30,26;
{'mkPktMerge'},232,48,64,16,16.7169,2.2852e-09,1.44317e-08,9.82891e+06,8.40221e+06,17307,4.15,11.87,9.6,28,14;
{'mkSMAdapter4B'},1977,84,104,165,18.5202,2.7292e-09,1.5791e-08,6.76122e+06,4.61902e+06,34673,17.69,9.05,7.44,30,18;
{'or1200'},3054,96,132,258,34.8364,6.29019e-09,2.85462e-08,2.69709e+07,4.4301e+06,81230,34.46,24.39,24.91,30,24;
{'raygentop'},2147,84,104,176,16.8704,2.8194e-09,1.4051e-08,1.08264e+07,5.32429e+06,42037,22.26,13.22,12.47,30,18;
{'sha'},2277,76,96,209,52.4576,8.0162e-09,4.44413e-08,5.83738e+06,2.38009e+06,30550,34.77,7.59,5.62,30,18;
{'stereovision0'},11460,84,104,907,17.5945,2.6952e-09,1.48993e-08,2.46602e+07,1.03289e+07,126440,94.95,50.78,24.55,30,18;
{'stereovision1'},10289,128,168,946,15.0542,1.3266e-09,1.37276e-08,4.50477e+07,2.5821e+07,219383,97.37,55.02,54.21,22,32;
{'stereovision3'},180,32,48,13,10.5104,1.6828e-09,8.82758e-09,348279,148044,1242,0.78,0.68,0.41,23,10;
];
