mdata = [
%vpr_only,LUTs,min_route_chan_width,fix_route_chan_width,Netlistclbblocks:,Finalcriticalpath:,Totallogicdelay:,totalnetdelay:,Totalroutingarea:,Totalusedlogicblockarea:,Totalwirelength:,Packingtook,Placementtook,Routingtook,MaximumSwitchBlockMultiplexersize:,MaximumConnectionBlockMultiplexersize:
{'LU8PEEng'},22675,128,168,2165,409.519,5.76293e-08,3.51889e-07,9.39326e+07,5.2483e+07,574015,324.75,145.57,186.83,23,32;
{'bgm'},32384,128,168,3131,91.1828,1.33588e-08,7.78241e-08,1.31086e+08,4.00118e+07,737229,405.05,229.31,177.32,23,32;
{'blob_merge'},6019,104,140,542,35.6772,6.1352e-09,2.9542e-08,2.08491e+07,6.1723e+06,120301,59.68,26.85,21.82,31,26;
{'boundtop'},3054,80,100,234,25.1465,3.5838e-09,2.15627e-08,7.98605e+06,3.21279e+06,45265,23.95,12.4,7.98,31,18;
{'ch_intrinsics'},425,64,84,37,15.0062,2.2828e-09,1.27234e-08,1.78757e+06,969356,6428,3,2.28,1.46,31,16;
{'diffeq1'},485,80,100,37,51.7893,1.61872e-08,3.5602e-08,3.95506e+06,2.40136e+06,14389,2.34,4.07,5.64,31,18;
{'diffeq2'},322,64,84,26,41.7647,1.20944e-08,2.96703e-08,3.44006e+06,2.27609e+06,9784,2.08,3.72,3.68,31,16;
{'mkDelayWorker32B'},5595,112,148,446,22.5023,3.123e-09,1.93793e-08,6.28303e+07,2.8643e+07,156586,68.05,54.48,71.52,31,26;
{'mkPktMerge'},232,48,64,16,13.8369,2.2852e-09,1.15517e-08,9.82644e+06,8.40221e+06,16966,4.21,12.01,9.64,28,14;
{'mkSMAdapter4B'},1977,84,104,165,17.9462,2.7352e-09,1.5211e-08,6.78820e+06,4.61902e+06,34345,19.11,9.6,7.16,31,18;
{'or1200'},3054,104,140,258,33.7378,7.3716e-09,2.63662e-08,2.88804e+07,4.4301e+06,81221,35.53,25.51,24.97,31,26;
{'raygentop'},2147,80,100,176,18.3104,2.8194e-09,1.5491e-08,1.03415e+07,5.32429e+06,45197,23.66,12.86,12.06,31,18;
{'sha'},2277,80,100,209,52.901,7.7396e-09,4.51613e-08,5.84396e+06,2.38009e+06,31741,34.59,7.66,6.28,31,18;
{'stereovision0'},11460,76,96,907,18.1745,2.6952e-09,1.54793e-08,2.35731e+07,1.03289e+07,126597,93.76,47.78,22.26,31,18;
{'stereovision1'},10289,128,168,946,18.6249,3.3332e-09,1.52917e-08,4.51627e+07,2.5821e+07,217273,98.13,55.65,49.75,23,32;
{'stereovision3'},180,48,64,13,8.63638,1.6888e-09,6.94758e-09,437838,148044,1219,0.77,0.68,0.35,23,14;
];
