mdata = [
%standard,LUTs,min_route_chan_width,fix_route_chan_width,Netlistclbblocks:,Finalcriticalpath:,Totallogicdelay:,totalnetdelay:,Totalroutingarea:,Totalusedlogicblockarea:,Totalwirelength:,Packingtook,Placementtook,Routingtook,MaximumSwitchBlockMultiplexersize:,MaximumConnectionBlockMultiplexersize:
{'alu4'},500,60,80,42,19.6702,1.875e-09,1.77952e-08,7.16085e+06,478296,8853,4.8,8.44,6.43,24,16;
{'apex2'},659,80,100,53,19.966,2.155e-09,1.7811e-08,8.53665e+06,603564,15910,5.33,8.61,11.44,24,18;
{'apex4'},592,108,144,53,18.3582,1.863e-09,1.64952e-08,1.18591e+07,603564,13273,5.36,8.58,12.15,24,26;
{'bigkey'},571,28,44,52,12.2972,1.1696e-09,1.11276e-08,4.66494e+06,592176,11861,3.03,8.96,4.91,21,8;
{'clma'},1061,88,108,85,21.3284,3.0974e-09,1.8231e-08,9.15974e+06,967980,20398,8.36,9.36,11.42,24,22;
{'des'},827,48,64,68,19.9665,2.1872e-09,1.77793e-08,6.52445e+06,774384,19606,5.49,9.54,6.37,22,14;
{'diffeq'},470,48,64,42,15.4425,2.4232e-09,1.30193e-08,6.52445e+06,478296,7574,8.38,8.43,5.24,22,14;
{'dsip'},681,48,64,59,13.0112,1.1636e-09,1.18476e-08,6.52445e+06,671892,15113,11.66,9.19,6.08,22,14;
{'elliptic'},100,16,16,8,11.7342,1.3266e-09,1.04076e-08,3.24248e+06,91104,794,1.18,8.12,2.26,18,5;
{'ex1010'},653,84,104,62,20.7061,1.4868e-09,1.92193e-08,9.03027e+06,706056,15655,6.56,8.6,10.96,24,18;
{'ex5p'},386,60,80,30,18.6981,1.4988e-09,1.71993e-08,7.16085e+06,341640,8890,3.08,8.34,7.31,24,16;
{'frisc'},1755,108,144,158,27.801,4.6424e-09,2.31586e-08,1.18591e+07,1.7993e+06,40489,32.55,11.17,18.96,24,26;
{'misex3'},418,60,80,34,18.9382,1.863e-09,1.70752e-08,7.16085e+06,387192,7609,3.27,8.41,6.05,24,16;
{'pdc'},1408,108,144,117,24.3386,2.9276e-09,2.1411e-08,1.18591e+07,1.3324e+06,35193,11.92,9.61,15.09,24,26;
{'s298'},18,28,44,2,4.17646,1.2806e-09,2.89586e-09,4.66494e+06,22776,149,0.08,8.19,3.2,21,8;
{'s38417'},2185,68,88,183,18.2244,2.4492e-09,1.57752e-08,8.01239e+06,2.084e+06,31661,21.94,11.97,8.84,24,18;
{'s38584.1'},2054,80,100,167,16.5072,2.032e-09,1.44752e-08,8.53665e+06,1.9018e+06,34738,19.07,12.16,8.79,24,18;
{'seq'},681,76,96,58,20.294,1.7788e-09,1.85152e-08,8.52150e+06,660504,16445,5.77,8.8,11.22,24,18;
{'spla'},1376,128,168,112,26.4703,2.6034e-09,2.38669e-08,1.40068e+07,1.27546e+06,35547,11.68,9.69,15.98,19,32;
{'tseng'},654,48,64,46,17.1466,2.8114e-09,1.43352e-08,6.52445e+06,523848,8920,7.97,8.71,5.33,22,14;
];
