mdata = [
%standard,LUTs,min_route_chan_width,fix_route_chan_width,Netlistclbblocks:,Finalcriticalpath:,Totallogicdelay:,totalnetdelay:,Totalroutingarea:,Totalusedlogicblockarea:,Totalwirelength:,Packingtook,Placementtook,Routingtook,MaximumSwitchBlockMultiplexersize:,MaximumConnectionBlockMultiplexersize:
{'alu4'},500,56,72,42,20.58,1.7848e-09,1.87952e-08,7.35419e+06,478296,8081,4.81,8.34,6.11,22,12;
{'apex2'},659,68,88,53,20.826,2.155e-09,1.8671e-08,8.01560e+06,603564,16374,5.13,8.54,10.04,25,18;
{'apex4'},592,88,108,53,18.3582,1.863e-09,1.64952e-08,9.28946e+06,603564,14331,5.67,8.5,9.16,25,22;
{'bigkey'},571,28,44,52,12.2972,1.1696e-09,1.11276e-08,4.66908e+06,592176,11814,3.13,9.34,4.56,22,8;
{'clma'},1061,88,108,85,20.6986,3.1876e-09,1.7511e-08,9.28946e+06,967980,20984,8.32,9.28,10.66,25,22;
{'des'},827,48,64,68,19.9665,2.1872e-09,1.77793e-08,6.53273e+06,774384,19783,5.25,9.55,6.23,22,14;
{'diffeq'},470,56,72,42,15.7043,2.085e-09,1.36193e-08,7.35419e+06,478296,7810,8.17,8.39,5.82,22,12;
{'dsip'},681,48,64,59,13.0112,1.1636e-09,1.18476e-08,6.53273e+06,671892,15061,11.61,9.18,5.79,22,14;
{'elliptic'},100,20,20,8,10.5746,2.027e-09,8.54758e-09,3.36495e+06,91104,862,1.37,8.16,2.04,22,6;
{'ex1010'},653,88,108,62,19.7061,1.4868e-09,1.82193e-08,9.28946e+06,706056,15825,6.73,8.59,9.55,25,22;
{'ex5p'},386,60,80,30,18.6861,1.4868e-09,1.71993e-08,7.16544e+06,341640,8963,3.38,8.36,8.09,25,16;
{'frisc'},1755,108,144,158,27.661,4.6424e-09,2.30186e-08,1.19408e+07,1.7993e+06,40734,34.02,11.44,13.66,25,26;
{'misex3'},418,60,80,34,19.6582,1.863e-09,1.77952e-08,7.16544e+06,387192,7523,3.33,8.31,6.35,25,16;
{'pdc'},1408,108,144,117,24.3582,2.2272e-09,2.2131e-08,1.19408e+07,1.3324e+06,36039,11.61,9.62,19.39,25,26;
{'s298'},18,28,44,2,4.17646,1.2806e-09,2.89586e-09,4.66908e+06,22776,137,0.07,8.11,3.25,22,8;
{'s38417'},2185,72,92,183,17.5682,2.353e-09,1.52152e-08,8.44006e+06,2.084e+06,28990,22.64,11.83,9.23,25,18;
{'s38584.1'},2054,80,100,167,16.5072,2.032e-09,1.44752e-08,8.53755e+06,1.9018e+06,35080,19.14,12.05,8.8,25,18;
{'seq'},681,84,104,58,20.294,1.7788e-09,1.85152e-08,9.11673e+06,660504,15750,5.73,8.67,9.42,25,18;
{'spla'},1376,128,168,112,26.3303,2.6034e-09,2.37269e-08,1.40634e+07,1.27546e+06,35849,11.96,9.7,14.96,20,32;
{'tseng'},654,56,72,46,17.4047,2.7854e-09,1.46193e-08,7.35419e+06,523848,8942,7.85,8.66,5.8,22,12;
];
