mdata = [
%standard,LUTs,min_route_chan_width,fix_route_chan_width,Netlistclbblocks:,Finalcriticalpath:,Totallogicdelay:,totalnetdelay:,Totalroutingarea:,Totalusedlogicblockarea:,Totalwirelength:,Packingtook,Placementtook,Routingtook,MaximumSwitchBlockMultiplexersize:,MaximumConnectionBlockMultiplexersize:
{'alu4'},500,56,72,42,20.3902,1.875e-09,1.85152e-08,7.35030e+06,478296,7982,4.76,8.42,5.94,22,12;
{'apex2'},659,76,96,53,19.526,2.155e-09,1.7371e-08,8.52288e+06,603564,15528,5.07,8.59,9.4,24,18;
{'apex4'},592,88,108,53,19.2182,1.863e-09,1.73552e-08,9.16718e+06,603564,14224,5.43,8.55,9.87,24,22;
{'bigkey'},571,28,44,52,11.5772,1.1696e-09,1.04076e-08,4.66494e+06,592176,11934,2.95,8.9,4.83,21,8;
{'clma'},1061,88,108,85,20.8326,3.1816e-09,1.7651e-08,9.16718e+06,967980,20321,8.31,9.36,10.59,24,22;
{'des'},827,48,64,68,19.8963,1.837e-09,1.80593e-08,6.52652e+06,774384,19927,5.3,9.57,6.11,22,14;
{'diffeq'},470,48,64,42,15.8226,2.7874e-09,1.30352e-08,6.52652e+06,478296,7777,8.57,8.49,6.2,22,14;
{'dsip'},681,48,64,59,13.0112,1.1636e-09,1.18476e-08,6.52652e+06,671892,15141,11.44,9.21,6.4,22,14;
{'elliptic'},100,16,16,8,13.4202,1.6968e-09,1.17234e-08,3.24362e+06,91104,857,1.53,8.18,1.95,18,5;
{'ex1010'},653,84,104,62,20.4321,1.4928e-09,1.89393e-08,9.03143e+06,706056,15610,6.5,8.62,11.63,24,18;
{'ex5p'},386,60,80,30,18.3219,1.4026e-09,1.69193e-08,7.16200e+06,341640,8872,3.1,8.39,8.09,24,16;
{'frisc'},1755,108,144,158,27.5169,4.9224e-09,2.25945e-08,1.18603e+07,1.7993e+06,41360,32.68,11.21,15.82,24,26;
{'misex3'},418,60,80,34,18.7982,1.863e-09,1.69352e-08,7.16200e+06,387192,7707,3.18,8.39,6.76,24,16;
{'pdc'},1408,108,144,117,27.5182,2.2272e-09,2.5291e-08,1.18603e+07,1.3324e+06,35776,11.74,9.72,17.76,24,26;
{'s298'},18,28,44,2,4.17646,1.2806e-09,2.89586e-09,4.66494e+06,22776,144,0.11,8.25,3.38,21,8;
{'s38417'},2185,68,88,183,17.0644,2.4492e-09,1.46152e-08,8.01400e+06,2.084e+06,31789,22.21,11.8,9.3,24,18;
{'s38584.1'},2054,80,100,167,17.3672,2.032e-09,1.53352e-08,8.53687e+06,1.9018e+06,35098,18.87,12.53,9.14,24,18;
{'seq'},681,84,104,58,20.294,1.7788e-09,1.85152e-08,9.03143e+06,660504,15941,5.74,8.67,9.61,24,18;
{'spla'},1376,128,168,112,26.0303,2.6034e-09,2.34269e-08,1.40073e+07,1.27546e+06,35187,11.77,9.76,13.53,19,32;
{'tseng'},654,48,64,46,18.5462,2.631e-09,1.59152e-08,6.52652e+06,523848,8819,8.03,8.67,5.41,22,14;
];
