mdata = [
%standard,LUTs,min_route_chan_width,fix_route_chan_width,Netlistclbblocks:,Finalcriticalpath:,Totallogicdelay:,totalnetdelay:,Totalroutingarea:,Totalusedlogicblockarea:,Totalwirelength:,Packingtook,Placementtook,Routingtook,MaximumSwitchBlockMultiplexersize:,MaximumConnectionBlockMultiplexersize:
{'alu4'},500,60,80,42,18.42,1.7848e-09,1.66352e-08,7.16319e+06,478296,8639,4.74,8.13,6.58,25,16;
{'apex2'},659,80,100,53,20.3362,2.2452e-09,1.8091e-08,8.53532e+06,603564,15028,5.18,8.38,9.16,25,18;
{'apex4'},592,72,92,53,22.3982,1.863e-09,2.05352e-08,8.43806e+06,603564,14329,5.84,8.5,8.41,25,18;
{'bigkey'},571,28,44,52,11.4372,1.1696e-09,1.02676e-08,4.66729e+06,592176,12154,3.14,8.92,4.63,22,8;
{'clma'},1061,88,108,85,19.6164,2.9812e-09,1.66352e-08,9.28719e+06,967980,21029,8.53,9.36,9.96,25,22;
{'des'},827,48,64,68,18.854,1.7788e-09,1.70752e-08,6.53169e+06,774384,20152,5.21,9.22,6.8,22,14;
{'diffeq'},470,48,64,42,17.9886,2.7934e-09,1.51952e-08,6.53169e+06,478296,7850,8.28,8.2,4.97,22,14;
{'dsip'},681,48,64,59,12.5014,1.5138e-09,1.09876e-08,6.53169e+06,671892,15428,11.39,8.95,5.67,22,14;
{'elliptic'},100,16,16,8,15.0002,1.6968e-09,1.33034e-08,3.24404e+06,91104,719,1.38,8.2,1.85,19,5;
{'ex1010'},653,88,108,62,18.3642,1.869e-09,1.64952e-08,9.28719e+06,706056,15628,6.66,8.42,8.83,25,22;
{'ex5p'},386,60,80,30,21.4201,1.4808e-09,1.99393e-08,7.16319e+06,341640,8999,2.88,8.11,7.79,25,16;
{'frisc'},1755,108,144,158,30.9829,4.9284e-09,2.60545e-08,1.19379e+07,1.7993e+06,40551,32.98,11.52,13.37,25,26;
{'misex3'},418,56,72,34,18.9382,1.863e-09,1.70752e-08,7.35244e+06,387192,7329,3.35,8.1,6.61,22,12;
{'pdc'},1408,128,168,117,25.9023,2.6154e-09,2.32869e-08,1.40616e+07,1.3324e+06,33798,11.86,9.72,14.66,20,32;
{'s298'},18,28,44,2,3.92486,1.69e-10,3.75586e-09,4.66729e+06,22776,141,0.12,7.95,3.55,22,8;
{'s38417'},2185,68,88,183,17.6444,2.4492e-09,1.51952e-08,8.01514e+06,2.084e+06,32313,22.32,12.03,8.95,25,18;
{'s38584.1'},2054,72,92,167,19.9242,2.129e-09,1.77952e-08,8.43806e+06,1.9018e+06,33203,18.92,12.68,8.28,25,18;
{'seq'},681,84,104,58,20.3782,1.863e-09,1.85152e-08,9.11497e+06,660504,15293,5.7,8.71,8.62,25,18;
{'spla'},1376,128,168,112,24.3163,2.6094e-09,2.17069e-08,1.40616e+07,1.27546e+06,36721,11.96,9.8,16.09,20,32;
{'tseng'},654,56,72,46,17.2866,2.8114e-09,1.44752e-08,7.35244e+06,523848,8916,7.8,8.49,5.75,22,12;
];
