mdata = [
%standard,LUTs,min_route_chan_width,fix_route_chan_width,Netlistclbblocks:,Finalcriticalpath:,Totallogicdelay:,totalnetdelay:,Totalroutingarea:,Totalusedlogicblockarea:,Totalwirelength:,Packingtook,Placementtook,Routingtook,MaximumSwitchBlockMultiplexersize:,MaximumConnectionBlockMultiplexersize:
{'alu4'},500,60,80,42,19.5242,1.869e-09,1.76552e-08,7.16544e+06,478296,8596,4.84,8.36,6.31,24,16;
{'apex2'},659,88,108,53,18.666,2.155e-09,1.6511e-08,9.16391e+06,603564,15000,5.55,8.58,9.48,24,22;
{'apex4'},592,84,104,53,20.294,1.7788e-09,1.85152e-08,9.03303e+06,603564,13849,5.52,8.96,9.68,24,18;
{'bigkey'},571,28,44,52,14.4572,1.1696e-09,1.32876e-08,4.67046e+06,592176,11854,2.96,8.96,4.34,21,8;
{'clma'},1061,84,104,85,20.141,3.5058e-09,1.66352e-08,9.03303e+06,967980,20530,8.64,9.35,9.91,24,18;
{'des'},827,48,64,68,20.614,1.1106e-09,1.95034e-08,6.53273e+06,774384,21299,5.17,9.48,7.1,22,14;
{'diffeq'},470,48,64,42,15.7867,2.7674e-09,1.30193e-08,6.53273e+06,478296,7948,8.5,8.46,5.36,22,14;
{'dsip'},681,48,64,59,12.2852,1.1576e-09,1.11276e-08,6.53273e+06,671892,15444,11.67,9.24,6.06,22,14;
{'elliptic'},100,16,16,8,12.8071,4.11199e-10,1.23959e-08,3.24386e+06,91104,862,1.45,8.11,2.07,18,5;
{'ex1010'},653,80,100,62,19.6223,1.843e-09,1.77793e-08,8.54122e+06,706056,16550,6.63,8.64,10,24,18;
{'ex5p'},386,64,84,30,18.4679,1.4086e-09,1.70593e-08,7.50142e+06,341640,8668,3.04,8.42,6.94,24,16;
{'frisc'},1755,108,144,158,32.3207,4.8262e-09,2.74945e-08,1.18683e+07,1.7993e+06,40351,33.37,11.43,15.04,24,26;
{'misex3'},418,60,80,34,20.9582,1.863e-09,1.90952e-08,7.16544e+06,387192,7854,3.27,8.31,6.97,24,16;
{'pdc'},1408,112,148,117,23.2864,2.5954e-09,2.0691e-08,1.20263e+07,1.3324e+06,35367,11.89,9.9,18.42,24,26;
{'s298'},18,28,44,2,4.03646,1.2806e-09,2.75586e-09,4.67046e+06,22776,142,0.09,8.21,3.41,21,8;
{'s38417'},2185,68,88,183,17.9942,2.359e-09,1.56352e-08,8.01652e+06,2.084e+06,32202,22.18,11.99,8.67,24,18;
{'s38584.1'},2054,80,100,167,18.3094,2.3942e-09,1.59152e-08,8.54122e+06,1.9018e+06,35368,20,12.91,8.99,24,18;
{'seq'},681,84,104,58,18.3582,1.863e-09,1.64952e-08,9.03303e+06,660504,15236,5.59,8.79,10.36,24,18;
{'spla'},1376,128,168,112,24.5763,2.8694e-09,2.17069e-08,1.40188e+07,1.27546e+06,35231,11.7,9.96,14.25,19,32;
{'tseng'},654,48,64,46,16.4206,2.8054e-09,1.36152e-08,6.53273e+06,523848,8861,8.6,8.83,5.89,22,14;
];
