mdata = [
%standard,LUTs,min_route_chan_width,fix_route_chan_width,Netlistclbblocks:,Finalcriticalpath:,Totallogicdelay:,totalnetdelay:,Totalroutingarea:,Totalusedlogicblockarea:,Totalwirelength:,Packingtook,Placementtook,Routingtook,MaximumSwitchBlockMultiplexersize:,MaximumConnectionBlockMultiplexersize:
{'alu4'},500,60,80,42,19.3902,1.875e-09,1.75152e-08,7.15301e+06,478296,8503,4.91,8.39,6.75,25,16;
{'apex2'},659,84,104,53,19.2042,2.129e-09,1.70752e-08,9.10678e+06,603564,14672,5.69,8.57,9.56,25,18;
{'apex4'},592,68,88,53,22.174,1.7788e-09,2.03952e-08,8.00783e+06,603564,15586,5.66,8.51,14.97,25,18;
{'bigkey'},571,28,44,52,14.3172,1.1696e-09,1.31476e-08,4.65318e+06,592176,11867,3.05,9.2,4.79,22,8;
{'clma'},1061,84,104,85,21.4126,3.1816e-09,1.8231e-08,9.10678e+06,967980,20713,8.27,9.34,10.07,25,18;
{'des'},827,48,64,68,21.1963,1.837e-09,1.93593e-08,6.51782e+06,774384,21462,5.52,9.46,6.92,22,14;
{'diffeq'},470,48,64,42,16.6304,2.327e-09,1.43034e-08,6.51782e+06,478296,7837,8.21,8.43,5.54,22,14;
{'dsip'},681,48,64,59,12.6414,1.5138e-09,1.11276e-08,6.51782e+06,671892,15457,12.18,9.22,7.49,22,14;
{'elliptic'},100,16,16,8,12.8071,4.11199e-10,1.23959e-08,3.23923e+06,91104,882,1.4,8.37,2,19,5;
{'ex1010'},653,68,88,62,20.9283,1.849e-09,1.90793e-08,8.00783e+06,706056,17109,7.24,8.67,11.26,25,18;
{'ex5p'},386,60,80,30,18.9861,1.4868e-09,1.74993e-08,7.15301e+06,341640,8738,3.26,8.42,7.11,25,16;
{'frisc'},1755,100,136,158,32.6814,5.3428e-09,2.73386e-08,1.13053e+07,1.7993e+06,41471,33.93,11.32,14.09,25,24;
{'misex3'},418,60,80,34,19.6582,1.863e-09,1.77952e-08,7.15301e+06,387192,7663,3.55,8.4,6.4,25,16;
{'pdc'},1408,128,168,117,24.3702,2.2392e-09,2.2131e-08,1.40189e+07,1.3324e+06,34052,12.38,9.68,15,20,32;
{'s298'},18,28,44,2,4.03646,1.2806e-09,2.75586e-09,4.65318e+06,22776,140,0.08,8.86,3.42,22,8;
{'s38417'},2185,68,88,183,17.5482,2.353e-09,1.51952e-08,8.00783e+06,2.084e+06,32164,23.05,13.35,8.94,25,18;
{'s38584.1'},2054,84,104,167,17.7294,2.3942e-09,1.53352e-08,9.10678e+06,1.9018e+06,31754,19.14,11.83,10.79,25,18;
{'seq'},681,88,108,58,17.6981,1.4988e-09,1.61993e-08,9.25402e+06,660504,15979,5.87,8.73,11.07,25,22;
{'spla'},1376,140,180,112,25.3004,2.5894e-09,2.2711e-08,1.36281e+07,1.27546e+06,36605,11.75,9.59,18.08,20,30;
{'tseng'},654,48,64,46,15.6587,2.7794e-09,1.28793e-08,6.51782e+06,523848,8867,8.19,8.73,5.46,22,14;
];
