mdata = [
%standard,LUTs,min_route_chan_width,fix_route_chan_width,Netlistclbblocks:,Finalcriticalpath:,Totallogicdelay:,totalnetdelay:,Totalroutingarea:,Totalusedlogicblockarea:,Totalwirelength:,Packingtook,Placementtook,Routingtook,MaximumSwitchBlockMultiplexersize:,MaximumConnectionBlockMultiplexersize:
{'alu4'},500,56,72,42,19,1.7848e-09,1.72152e-08,7.35006e+06,478296,7859,4.99,8.72,6.09,22,12;
{'apex2'},659,84,104,53,19.4464,2.2312e-09,1.72152e-08,9.03165e+06,603564,14040,5.35,8.63,9.49,24,18;
{'apex4'},592,84,104,53,19.7982,1.863e-09,1.79352e-08,9.03165e+06,603564,14191,5.42,8.53,11.77,24,18;
{'bigkey'},571,28,44,52,10.9972,1.1696e-09,9.82758e-09,4.66514e+06,592176,12242,3.5,8.92,4.97,21,8;
{'clma'},1061,84,104,85,20.281,3.5058e-09,1.67752e-08,9.03165e+06,967980,20303,8.3,9.34,10.83,24,18;
{'des'},827,48,64,68,19.0363,1.837e-09,1.71993e-08,6.52628e+06,774384,19958,5.14,9.47,7.34,22,14;
{'diffeq'},470,48,64,42,16.6826,2.7874e-09,1.38952e-08,6.52628e+06,478296,7733,8.43,8.44,6.39,22,14;
{'dsip'},681,48,64,59,12.5014,1.5138e-09,1.09876e-08,6.52628e+06,671892,15296,11.95,9.48,5.59,22,14;
{'elliptic'},100,16,16,8,13.524,1.2364e-09,1.22876e-08,3.24381e+06,91104,744,1.43,8.57,1.92,18,5;
{'ex1010'},653,76,96,62,20.9343,1.855e-09,1.90793e-08,8.52335e+06,706056,15855,7.04,8.62,11.37,24,18;
{'ex5p'},386,60,80,30,18.4001,1.4808e-09,1.69193e-08,7.16220e+06,341640,8980,3.08,8.36,6.79,24,16;
{'frisc'},1755,108,144,158,30.2629,4.9284e-09,2.53345e-08,1.18598e+07,1.7993e+06,40852,32.58,11.34,14.39,24,26;
{'misex3'},418,48,64,34,19.0378,1.6826e-09,1.73552e-08,6.52628e+06,387192,7599,3.38,8.37,5.97,22,14;
{'pdc'},1408,104,140,117,26.6223,2.6154e-09,2.40069e-08,1.14566e+07,1.3324e+06,36986,11.64,9.8,17.35,24,26;
{'s298'},18,28,44,2,3.92486,1.69e-10,3.75586e-09,4.66514e+06,22776,128,0.11,8.45,3.35,21,8;
{'s38417'},2185,68,88,183,18.0784,2.4432e-09,1.56352e-08,8.01377e+06,2.084e+06,31683,22.03,11.84,8.02,24,18;
{'s38584.1'},2054,80,100,167,19.3442,2.129e-09,1.72152e-08,8.53686e+06,1.9018e+06,35192,19.2,11.65,9.55,24,18;
{'seq'},681,84,104,58,18.7982,1.863e-09,1.69352e-08,9.03165e+06,660504,15645,5.86,8.73,10.99,24,18;
{'spla'},1376,128,168,112,24.3103,2.6034e-09,2.17069e-08,1.40077e+07,1.27546e+06,35816,12.03,9.79,16.6,19,32;
{'tseng'},654,60,80,46,17.8606,2.8054e-09,1.50552e-08,7.16220e+06,523848,9499,8.19,8.71,6.52,24,16;
];
