mdata = [
%standard,LUTs,fix_route_chan_width,Netlistclbblocks:,Finalcriticalpath:,Totallogicdelay:,totalnetdelay:,Totalroutingarea:,Totalusedlogicblockarea:,Totalwirelength:,Packingtook,Placementtook,Routingtook,MaximumSwitchBlockMultiplexersize:,MaximumConnectionBlockMultiplexersize:
{'alu4'},500,320,42,15.7642,1.869e-09,1.38952e-08,2.63715e+06,478296,5789,4.88,1.56,2.42,19,56;
{'apex2'},659,320,53,17.7766,2.5814e-09,1.51952e-08,3.33832e+06,603564,10772,5.45,2.14,3.8,19,56;
{'apex4'},592,320,53,17.9884,2.2132e-09,1.57752e-08,3.33832e+06,603564,10593,5.35,2.04,3.42,19,56;
{'bigkey'},571,320,52,10.8572,1.1696e-09,9.68758e-09,1.48855e+07,592176,11291,3.08,8.12,12.39,19,56;
{'clma'},1061,320,85,18.5824,3.0914e-09,1.5491e-08,4.98804e+06,967980,16110,8.42,3.77,5.17,19,56;
{'des'},827,320,68,16.88,1.1166e-09,1.57634e-08,1.99577e+07,774384,20754,5.53,11.81,16.91,19,56;
{'diffeq'},470,320,42,15.9626,2.7874e-09,1.31752e-08,2.63715e+06,478296,5260,8.12,1.62,2.17,19,56;
{'dsip'},681,320,59,10.6214,1.5138e-09,9.10758e-09,1.48855e+07,671892,14307,11.59,8.56,12.14,19,56;
{'elliptic'},100,320,8,10.2402,1.6968e-09,8.54344e-09,657138,91104,361,1.52,0.3,0.42,19,56;
{'ex1010'},653,320,62,16.4782,1.863e-09,1.46152e-08,3.33832e+06,706056,11503,6.28,2.1,3.48,19,56;
{'ex5p'},386,320,30,14.5181,1.4988e-09,1.30193e-08,2.01845e+06,341640,5303,3.19,1.21,1.91,19,56;
{'frisc'},1755,320,158,27.3829,4.9284e-09,2.24545e-08,8.08109e+06,1.7993e+06,33770,32.06,6.64,8.92,19,56;
{'misex3'},418,320,34,15.4378,1.6826e-09,1.37552e-08,2.01845e+06,387192,4712,3.37,1.23,1.9,19,56;
{'pdc'},1408,320,117,23.0163,2.6094e-09,2.04069e-08,5.93659e+06,1.3324e+06,28544,11.83,4.48,7.26,19,56;
{'s298'},18,320,2,3.92486,1.69e-10,3.75586e-09,368295,22776,52,0.1,0.15,0.26,19,56;
{'s38417'},2185,320,183,16.2044,2.4492e-09,1.37552e-08,9.27704e+06,2.084e+06,24384,22.44,7.99,9.29,19,56;
{'s38584.1'},2054,320,167,15.2132,2.038e-09,1.31752e-08,1.05555e+07,1.9018e+06,27229,18.49,9.02,10.14,19,56;
{'seq'},681,320,58,18.994,1.7788e-09,1.72152e-08,3.33832e+06,660504,11634,5.91,2.19,3.31,19,56;
{'spla'},1376,320,112,25.4503,2.6034e-09,2.28469e-08,5.93659e+06,1.27546e+06,29058,11.82,4.46,7.34,19,56;
{'tseng'},654,320,46,16.7006,2.8054e-09,1.38952e-08,3.33832e+06,523848,6182,7.83,2.25,2.7,19,56;
];
