mdata = [
%standard,LUTs,fix_route_chan_width,Netlistclbblocks:,Finalcriticalpath:,Totallogicdelay:,totalnetdelay:,Totalroutingarea:,Totalusedlogicblockarea:,Totalwirelength:,Packingtook,Placementtook,Routingtook,MaximumSwitchBlockMultiplexersize:,MaximumConnectionBlockMultiplexersize:
{'alu4'},500,320,42,14.96,1.7848e-09,1.31752e-08,2.63742e+06,478296,5745,4.98,1.58,2.31,19,56;
{'apex2'},659,320,53,18.1284,2.2132e-09,1.59152e-08,3.33863e+06,603564,10864,5.36,2.17,3.6,19,56;
{'apex4'},592,320,53,16.9182,1.863e-09,1.50552e-08,3.33863e+06,603564,10724,5.37,2.06,3.55,19,56;
{'bigkey'},571,320,52,9.99718,1.1696e-09,8.82758e-09,1.48862e+07,592176,10380,3.02,8.13,12.29,19,56;
{'clma'},1061,320,85,19.8764,3.0854e-09,1.6791e-08,4.98844e+06,967980,16577,8.16,3.8,5.16,19,56;
{'des'},827,320,68,17.1922,1.857e-09,1.53352e-08,1.99586e+07,774384,21265,4.93,11.26,17.46,19,56;
{'diffeq'},470,320,42,16.5426,2.7874e-09,1.37552e-08,2.63742e+06,478296,5120,8.56,1.63,2.16,19,56;
{'dsip'},681,320,59,9.76138,1.5138e-09,8.24758e-09,1.48862e+07,671892,14507,11.59,8.61,12.94,19,56;
{'elliptic'},100,320,8,8.97458,2.027e-09,6.94758e-09,657228,91104,392,1.41,0.31,0.41,19,56;
{'ex1010'},653,320,62,16.1982,1.863e-09,1.43352e-08,3.33863e+06,706056,11786,6.53,2.15,3.46,19,56;
{'ex5p'},386,320,30,15.2261,1.4868e-09,1.37393e-08,2.01868e+06,341640,5198,3.21,1.19,1.75,19,56;
{'frisc'},1755,320,158,28.6829,4.9284e-09,2.37545e-08,8.08163e+06,1.7993e+06,33763,32.3,6.74,8.81,19,56;
{'misex3'},418,320,34,15.4782,1.863e-09,1.36152e-08,2.01868e+06,387192,4705,3.45,1.21,1.82,19,56;
{'pdc'},1408,320,117,23.1563,2.6094e-09,2.05469e-08,5.93704e+06,1.3324e+06,28302,11.49,4.49,7.79,19,56;
{'s298'},18,320,2,3.92486,1.69e-10,3.75586e-09,368340,22776,62,0.09,0.16,0.26,19,56;
{'s38417'},2185,320,183,16.3444,2.4492e-09,1.38952e-08,9.27763e+06,2.084e+06,24458,22.26,8.02,9.08,19,56;
{'s38584.1'},2054,320,167,16.2894,2.3942e-09,1.38952e-08,1.05561e+07,1.9018e+06,26902,18.99,8.26,9.51,19,56;
{'seq'},681,320,58,18.1284,2.2132e-09,1.59152e-08,3.33863e+06,660504,11319,5.56,2.26,3.3,19,56;
{'spla'},1376,320,112,24.0043,2.5974e-09,2.14069e-08,5.93704e+06,1.27546e+06,28865,11.37,4.46,7.55,19,56;
{'tseng'},654,320,46,16.4704,2.7152e-09,1.37552e-08,3.33863e+06,523848,6271,7.94,2.27,2.76,19,56;
];
