mdata = [
%standard,LUTs,min_route_chan_width,fix_route_chan_width,Netlistclbblocks:,Finalcriticalpath:,Totallogicdelay:,totalnetdelay:,Totalroutingarea:,Totalusedlogicblockarea:,Totalwirelength:,Packingtook,Placementtook,Routingtook,MaximumSwitchBlockMultiplexersize:,MaximumConnectionBlockMultiplexersize:
{'alu4'},500,60,80,42,20.2442,1.869e-09,1.83752e-08,7.16223e+06,478296,8612,5.59,8.34,6.63,24,16;
{'apex2'},659,84,104,53,19.3442,2.129e-09,1.72152e-08,9.03119e+06,603564,14297,5.52,8.58,9.58,24,18;
{'apex4'},592,72,92,53,20.0862,1.851e-09,1.82352e-08,8.42495e+06,603564,14303,5.89,8.51,12.35,24,18;
{'bigkey'},571,28,44,52,11.2972,1.1696e-09,1.01276e-08,4.66494e+06,592176,12207,3.18,8.92,5.08,21,8;
{'clma'},1061,88,108,85,19.3084,3.0974e-09,1.6211e-08,9.16019e+06,967980,21104,8.55,9.36,11.65,24,22;
{'des'},827,48,64,68,19.7683,1.849e-09,1.79193e-08,6.52652e+06,774384,20158,5.88,9.49,7.14,22,14;
{'diffeq'},470,48,64,42,17.9826,2.7874e-09,1.51952e-08,6.52652e+06,478296,7797,8.89,8.64,5.28,22,14;
{'dsip'},681,48,64,59,12.5014,1.5138e-09,1.09876e-08,6.52652e+06,671892,15609,12.07,9.16,5.74,22,14;
{'elliptic'},100,16,16,8,12.8402,1.6968e-09,1.11434e-08,3.24408e+06,91104,717,1.58,8.41,2.09,18,5;
{'ex1010'},653,88,108,62,18.3642,1.869e-09,1.64952e-08,9.16019e+06,706056,15678,7.05,8.58,10.15,24,22;
{'ex5p'},386,64,84,30,18.6861,1.4868e-09,1.71993e-08,7.49821e+06,341640,8985,3.5,8.39,7.95,24,16;
{'frisc'},1755,108,144,158,30.1229,4.9284e-09,2.51945e-08,1.18598e+07,1.7993e+06,40691,33.16,11.47,14.84,24,26;
{'misex3'},418,60,80,34,17.5121,1.7528e-09,1.57593e-08,7.16223e+06,387192,7909,3.85,8.35,6.62,24,16;
{'pdc'},1408,108,144,117,27.0623,2.6154e-09,2.44469e-08,1.18598e+07,1.3324e+06,35092,13.23,10.45,15.76,24,26;
{'s298'},18,28,44,2,3.92486,1.69e-10,3.75586e-09,4.66494e+06,22776,134,0.08,8.57,3.6,21,8;
{'s38417'},2185,68,88,183,17.5542,2.359e-09,1.51952e-08,8.01355e+06,2.084e+06,32329,22.27,11.39,9.14,24,18;
{'s38584.1'},2054,80,100,167,21.3642,2.129e-09,1.92352e-08,8.53620e+06,1.9018e+06,35356,19.82,11.41,8.98,24,18;
{'seq'},681,84,104,58,19.6582,1.863e-09,1.77952e-08,9.03119e+06,660504,15002,5.88,8.71,9.32,24,18;
{'spla'},1376,128,168,112,25.1763,2.6094e-09,2.25669e-08,1.40078e+07,1.27546e+06,36016,12.02,9.67,18.48,19,32;
{'tseng'},654,60,80,46,16.9886,2.7934e-09,1.41952e-08,7.16223e+06,523848,9234,8.34,8.73,6.9,24,16;
];
