mdata = [
%standard,LUTs,min_route_chan_width,fix_route_chan_width,Netlistclbblocks:,Finalcriticalpath:,Totallogicdelay:,totalnetdelay:,Totalroutingarea:,Totalusedlogicblockarea:,Totalwirelength:,Packingtook,Placementtook,Routingtook,MaximumSwitchBlockMultiplexersize:,MaximumConnectionBlockMultiplexersize:
{'alu4'},500,60,80,42,18.0498,1.6946e-09,1.63552e-08,7.16472e+06,478296,8526,5.17,8.22,6.15,24,16;
{'apex2'},659,84,104,53,19.3442,2.129e-09,1.72152e-08,9.03327e+06,603564,14557,5.5,8.39,8.77,24,18;
{'apex4'},592,84,104,53,21.014,1.7788e-09,1.92352e-08,9.03327e+06,603564,13904,5.53,8.7,9.26,24,18;
{'bigkey'},571,28,44,52,13.7372,1.1696e-09,1.25676e-08,4.67043e+06,592176,11718,3.18,8.77,4.16,21,8;
{'clma'},1061,84,104,85,22.1326,3.1816e-09,1.8951e-08,9.03327e+06,967980,20290,8.45,9.32,9.52,24,18;
{'des'},827,48,64,68,20.474,1.1106e-09,1.93634e-08,6.53251e+06,774384,21126,5.49,9.54,7.32,22,14;
{'diffeq'},470,48,64,42,15.6723,2.073e-09,1.35993e-08,6.53251e+06,478296,7790,8.66,8.29,5.25,22,14;
{'dsip'},681,48,64,59,12.2852,1.1576e-09,1.11276e-08,6.53251e+06,671892,15367,11.8,9.08,5.82,22,14;
{'elliptic'},100,16,16,8,13.0564,2.053e-09,1.10034e-08,3.24336e+06,91104,806,1.56,8.08,1.91,18,5;
{'ex1010'},653,80,100,62,19.6223,1.843e-09,1.77793e-08,8.54143e+06,706056,16489,6.56,8.62,9.79,24,18;
{'ex5p'},386,60,80,30,19.9921,1.4928e-09,1.84993e-08,7.16472e+06,341640,8704,3.28,8.23,6.67,24,16;
{'frisc'},1755,108,144,158,31.3271,5.2726e-09,2.60545e-08,1.18676e+07,1.7993e+06,40431,33.58,11.37,13.94,24,26;
{'misex3'},418,60,80,34,18.6382,1.863e-09,1.67752e-08,7.16472e+06,387192,7968,3.41,8.19,6.97,24,16;
{'pdc'},1408,108,144,117,24.8102,2.2392e-09,2.2571e-08,1.18676e+07,1.3324e+06,35380,12.32,9.74,16.95,24,26;
{'s298'},18,28,44,2,4.03646,1.2806e-09,2.75586e-09,4.67043e+06,22776,131,0.09,8.25,3.4,21,8;
{'s38417'},2185,68,88,183,18.3584,2.4432e-09,1.59152e-08,8.01629e+06,2.084e+06,31724,23.09,12.14,8.88,24,18;
{'s38584.1'},2054,80,100,167,18.1694,2.3942e-09,1.57752e-08,8.54143e+06,1.9018e+06,35895,19.28,11.86,10.34,24,18;
{'seq'},681,84,104,58,18.4982,1.863e-09,1.66352e-08,9.03327e+06,660504,15501,5.72,8.54,9.86,24,18;
{'spla'},1376,128,168,112,24.9502,2.2392e-09,2.2711e-08,1.40183e+07,1.27546e+06,35578,11.87,9.5,15.31,19,32;
{'tseng'},654,48,64,46,16.6104,2.7152e-09,1.38952e-08,6.53251e+06,523848,8839,8.18,8.8,5.71,22,14;
];
