mdata = [
%standard,LUTs,fix_route_chan_width,Netlistclbblocks:,Finalcriticalpath:,Totallogicdelay:,totalnetdelay:,Totalroutingarea:,Totalusedlogicblockarea:,Totalwirelength:,Packingtook,Placementtook,Routingtook,MaximumSwitchBlockMultiplexersize:,MaximumConnectionBlockMultiplexersize:
{'alu4'},500,320,42,15.0382,1.863e-09,1.31752e-08,2.63733e+06,478296,5686,4.64,1.57,2.35,19,56;
{'apex2'},659,320,53,17.506,2.155e-09,1.5351e-08,3.33853e+06,603564,10750,5.23,2.17,3.42,19,56;
{'apex4'},592,320,53,16.4902,1.875e-09,1.46152e-08,3.33853e+06,603564,10637,5.39,2.1,3.43,19,56;
{'bigkey'},571,320,52,10.1372,1.1696e-09,8.96758e-09,1.48860e+07,592176,10307,3.21,8.33,12.41,19,56;
{'clma'},1061,320,85,19.8764,3.0854e-09,1.6791e-08,4.98831e+06,967980,16488,8.04,3.8,5.06,19,56;
{'des'},827,320,68,16.9122,1.857e-09,1.50552e-08,1.99583e+07,774384,21276,5.25,11.24,17.14,19,56;
{'diffeq'},470,320,42,15.2426,2.7874e-09,1.24552e-08,2.63733e+06,478296,5040,8.39,1.61,2.15,19,56;
{'dsip'},681,320,59,10.2014,1.5138e-09,8.68758e-09,1.48860e+07,671892,14546,11.51,8.33,12.41,19,56;
{'elliptic'},100,320,8,8.97458,2.027e-09,6.94758e-09,657198,91104,389,1.58,0.31,0.43,19,56;
{'ex1010'},653,320,62,16.1683,1.849e-09,1.43193e-08,3.33853e+06,706056,11670,6.43,2.15,3.54,19,56;
{'ex5p'},386,320,30,15.2261,1.4868e-09,1.37393e-08,2.01860e+06,341640,5212,3.21,1.23,1.76,19,56;
{'frisc'},1755,320,158,28.6829,4.9284e-09,2.37545e-08,8.08145e+06,1.7993e+06,33832,32.84,6.71,9.34,19,56;
{'misex3'},418,320,34,15.2241,1.7648e-09,1.34593e-08,2.01860e+06,387192,4723,3.35,1.18,1.8,19,56;
{'pdc'},1408,320,117,24.4563,2.6094e-09,2.18469e-08,5.93689e+06,1.3324e+06,27881,11.54,4.35,7.3,19,56;
{'s298'},18,320,2,3.92486,1.69e-10,3.75586e-09,368325,22776,59,0.11,0.16,0.25,19,56;
{'s38417'},2185,320,183,16.3444,2.4492e-09,1.38952e-08,9.27743e+06,2.084e+06,24267,21.41,7.89,9.03,19,56;
{'s38584.1'},2054,320,167,16.2894,2.3942e-09,1.38952e-08,1.05559e+07,1.9018e+06,26707,18.5,8.45,9.89,19,56;
{'seq'},681,320,58,17.7782,1.863e-09,1.59152e-08,3.33853e+06,660504,11422,5.57,2.31,3.38,19,56;
{'spla'},1376,320,112,24.0043,2.5974e-09,2.14069e-08,5.93689e+06,1.27546e+06,29221,11.68,4.47,7.52,19,56;
{'tseng'},654,320,46,15.8904,2.7152e-09,1.31752e-08,3.33853e+06,523848,6201,7.97,2.33,2.8,19,56;
];
