rram2n1r_vprog2p5V_inv20 = [ % Wprog, Vds1, Vds2, Vte, Vbe, Vrram, Iprog, Iprog_Wprog, Ron, Breakdown_check
1,0.869,0.3399,1.631,0.3399,1.291,-97.57,-97.57,13.24,{'Pass'},0.019,0.01424;
1.1,0.868,0.3262,1.632,0.3262,1.306,-103.3,-93.92,12.64,{'Pass'},0.02,0.01509;
1.2,0.867,0.3141,1.633,0.3141,1.319,-108.8,-90.64,12.12,{'Pass'},0.021,0.01589;
1.3,0.866,0.3034,1.634,0.3034,1.331,-113.9,-87.63,11.68,{'Pass'},0.022,0.01665;
1.4,0.865,0.2938,1.635,0.2938,1.341,-118.8,-84.85,11.29,{'Pass'},0.023,0.01737;
1.5,0.865,0.2852,1.635,0.2852,1.35,-123.5,-82.3,10.94,{'Pass'},0.024,0.01807;
1.6,0.864,0.2772,1.636,0.2772,1.359,-127.9,-79.97,10.62,{'Pass'},0.025,0.01873;
1.7,0.862,0.27,1.638,0.27,1.368,-132.3,-77.81,10.34,{'Pass'},0.026,0.01938;
1.8,0.861,0.2633,1.639,0.2633,1.376,-136.5,-75.81,10.08,{'Pass'},0.027,0.02;
1.9,0.86,0.2571,1.64,0.2571,1.383,-140.4,-73.92,9.844,{'Pass'},0.028,0.02059;
2,0.86,0.2509,1.64,0.2509,1.389,-144.1,-72.06,9.638,{'Pass'},0.028,0.02114;
2.1,0.86,0.2453,1.64,0.2453,1.395,-147.7,-70.31,9.448,{'Pass'},0.029,0.02167;
2.2,0.859,0.2399,1.641,0.2399,1.401,-151.1,-68.68,9.271,{'Pass'},0.03,0.02218;
2.3,0.859,0.235,1.641,0.235,1.406,-154.4,-67.14,9.107,{'Pass'},0.03,0.02268;
2.4,0.858,0.2304,1.642,0.2304,1.412,-157.7,-65.69,8.953,{'Pass'},0.031,0.02316;
2.5,0.858,0.226,1.642,0.226,1.416,-160.8,-64.32,8.809,{'Pass'},0.032,0.02363;
2.6,0.857,0.2219,1.643,0.2219,1.421,-163.8,-63.02,8.673,{'Pass'},0.032,0.02408;
2.7,0.856,0.2181,1.644,0.2181,1.426,-166.8,-61.78,8.546,{'Pass'},0.033,0.02453;
2.8,0.856,0.2145,1.644,0.2145,1.43,-169.7,-60.61,8.425,{'Pass'},0.034,0.02496;
2.9,0.855,0.211,1.645,0.211,1.434,-172.6,-59.5,8.311,{'Pass'},0.034,0.02539;
3,0.854,0.2078,1.646,0.2078,1.438,-175.3,-58.44,8.202,{'Pass'},0.035,0.0258;
3.1,0.853,0.2047,1.647,0.2047,1.442,-178,-57.43,8.099,{'Pass'},0.035,0.02621;
3.2,0.852,0.2021,1.648,0.2021,1.446,-180.7,-56.46,8.001,{'Pass'},0.036,0.02661;
3.3,0.851,0.1996,1.649,0.1996,1.449,-183.3,-55.53,7.907,{'Pass'},0.036,0.02699;
3.4,0.85,0.1973,1.65,0.1973,1.453,-185.8,-54.65,7.818,{'Pass'},0.037,0.02738;
3.5,0.849,0.1951,1.651,0.1951,1.456,-188.3,-53.8,7.731,{'Pass'},0.037,0.02775;
3.6,0.848,0.1929,1.652,0.1929,1.459,-190.8,-52.99,7.648,{'Pass'},0.038,0.02813;
3.7,0.847,0.1909,1.653,0.1909,1.462,-193.2,-52.22,7.568,{'Pass'},0.038,0.02849;
3.8,0.846,0.189,1.654,0.189,1.465,-195.6,-51.48,7.491,{'Pass'},0.039,0.02886;
3.9,0.845,0.1871,1.655,0.1871,1.468,-198,-50.77,7.417,{'Pass'},0.039,0.02921;
4,0.843,0.1853,1.657,0.1853,1.472,-200.3,-50.08,7.345,{'Pass'},0.04,0.02956;
4.1,0.842,0.1836,1.658,0.1836,1.474,-202.6,-49.42,7.275,{'Pass'},0.04,0.02991;
4.2,0.841,0.182,1.659,0.182,1.477,-204.9,-48.79,7.208,{'Pass'},0.04,0.03026;
4.3,0.84,0.1805,1.66,0.1805,1.48,-207.2,-48.18,7.143,{'Pass'},0.041,0.0306;
4.4,0.839,0.179,1.661,0.179,1.482,-209.4,-47.59,7.08,{'Pass'},0.041,0.03093;
4.5,0.837,0.1775,1.663,0.1775,1.486,-211.6,-47.02,7.019,{'Pass'},0.042,0.03127;
4.6,0.836,0.1761,1.664,0.1761,1.488,-213.8,-46.47,6.959,{'Pass'},0.042,0.0316;
4.7,0.835,0.1748,1.665,0.1748,1.49,-215.9,-45.94,6.901,{'Pass'},0.043,0.03192;
4.8,0.834,0.1735,1.666,0.1735,1.492,-218,-45.42,6.845,{'Pass'},0.043,0.03224;
4.9,0.833,0.1723,1.667,0.1723,1.495,-220.1,-44.93,6.79,{'Pass'},0.044,0.03256;
5,0.832,0.1711,1.668,0.1711,1.497,-222.2,-44.45,6.737,{'Pass'},0.044,0.03288;
];

rram2n1r_vprog2p6V_inv20 = [ % Wprog, Vds1, Vds2, Vte, Vbe, Vrram, Iprog, Iprog_Wprog, Ron, Breakdown_check
1,0.878,0.3952,1.722,0.3952,1.327,-112.5,-112.5,11.8,{'Pass'},0.022,0.01611;
1.1,0.878,0.3801,1.722,0.3801,1.342,-119.5,-108.6,11.23,{'Pass'},0.023,0.01712;
1.2,0.878,0.3667,1.722,0.3667,1.355,-126.1,-105.1,10.75,{'Pass'},0.024,0.01808;
1.3,0.877,0.3547,1.723,0.3547,1.368,-132.4,-101.8,10.33,{'Pass'},0.025,0.019;
1.4,0.877,0.3441,1.723,0.3441,1.379,-138.3,-98.81,9.967,{'Pass'},0.027,0.01986;
1.5,0.877,0.3343,1.723,0.3343,1.389,-144,-96.03,9.642,{'Pass'},0.028,0.02069;
1.6,0.876,0.3254,1.724,0.3254,1.399,-149.5,-93.45,9.351,{'Pass'},0.029,0.02149;
1.7,0.876,0.3172,1.724,0.3172,1.407,-154.8,-91.07,9.088,{'Pass'},0.03,0.02226;
1.8,0.875,0.3096,1.725,0.3096,1.415,-159.9,-88.84,8.849,{'Pass'},0.031,0.02301;
1.9,0.875,0.3025,1.725,0.3025,1.423,-164.8,-86.73,8.632,{'Pass'},0.032,0.02372;
2,0.875,0.2956,1.725,0.2956,1.429,-169.4,-84.68,8.44,{'Pass'},0.033,0.02439;
2.1,0.875,0.2891,1.725,0.2891,1.436,-173.8,-82.74,8.263,{'Pass'},0.034,0.02504;
2.2,0.875,0.2831,1.725,0.2831,1.442,-178,-80.92,8.099,{'Pass'},0.034,0.02566;
2.3,0.875,0.2775,1.725,0.2775,1.448,-182.1,-79.19,7.947,{'Pass'},0.035,0.02627;
2.4,0.875,0.2722,1.725,0.2722,1.453,-186.1,-77.56,7.806,{'Pass'},0.036,0.02686;
2.5,0.875,0.2672,1.725,0.2672,1.458,-190,-76.01,7.673,{'Pass'},0.037,0.02743;
2.6,0.874,0.2625,1.726,0.2625,1.464,-193.8,-74.54,7.549,{'Pass'},0.038,0.02798;
2.7,0.874,0.258,1.726,0.258,1.468,-197.5,-73.14,7.433,{'Pass'},0.038,0.02852;
2.8,0.874,0.2538,1.726,0.2538,1.472,-201,-71.8,7.323,{'Pass'},0.039,0.02905;
2.9,0.874,0.2498,1.726,0.2498,1.476,-204.5,-70.53,7.219,{'Pass'},0.04,0.02956;
3,0.873,0.2461,1.727,0.2461,1.481,-207.9,-69.31,7.121,{'Pass'},0.04,0.03007;
3.1,0.873,0.2425,1.727,0.2425,1.484,-211.2,-68.14,7.028,{'Pass'},0.041,0.03056;
3.2,0.872,0.2393,1.728,0.2393,1.489,-214.4,-67.01,6.941,{'Pass'},0.042,0.03103;
3.3,0.872,0.2363,1.728,0.2363,1.492,-217.5,-65.92,6.858,{'Pass'},0.042,0.03149;
3.4,0.871,0.2335,1.729,0.2335,1.496,-220.6,-64.88,6.779,{'Pass'},0.043,0.03194;
3.5,0.87,0.2308,1.73,0.2308,1.499,-223.6,-63.89,6.703,{'Pass'},0.043,0.03239;
3.6,0.87,0.2283,1.73,0.2283,1.502,-226.5,-62.93,6.63,{'Pass'},0.044,0.03282;
3.7,0.869,0.2258,1.731,0.2258,1.505,-229.4,-62.01,6.56,{'Pass'},0.044,0.03325;
3.8,0.868,0.2234,1.732,0.2234,1.509,-232.3,-61.13,6.493,{'Pass'},0.045,0.03368;
3.9,0.868,0.2212,1.732,0.2212,1.511,-235.1,-60.28,6.429,{'Pass'},0.046,0.03409;
4,0.867,0.219,1.733,0.219,1.514,-237.9,-59.46,6.366,{'Pass'},0.046,0.0345;
4.1,0.866,0.2169,1.734,0.2169,1.517,-240.6,-58.68,6.306,{'Pass'},0.047,0.03491;
4.2,0.865,0.2149,1.735,0.2149,1.52,-243.3,-57.92,6.248,{'Pass'},0.047,0.03531;
4.3,0.864,0.213,1.736,0.213,1.523,-245.9,-57.19,6.192,{'Pass'},0.048,0.0357;
4.4,0.864,0.2111,1.736,0.2111,1.525,-248.5,-56.48,6.138,{'Pass'},0.048,0.03609;
4.5,0.863,0.2094,1.737,0.2094,1.528,-251.1,-55.8,6.085,{'Pass'},0.049,0.03647;
4.6,0.862,0.2076,1.738,0.2076,1.53,-253.6,-55.13,6.034,{'Pass'},0.049,0.03685;
4.7,0.861,0.206,1.739,0.206,1.533,-256.1,-54.5,5.984,{'Pass'},0.05,0.03723;
4.8,0.86,0.2044,1.74,0.2044,1.536,-258.6,-53.88,5.936,{'Pass'},0.05,0.0376;
4.9,0.86,0.2029,1.74,0.2029,1.537,-261.1,-53.28,5.89,{'Pass'},0.051,0.03796;
5,0.859,0.2014,1.741,0.2014,1.54,-263.5,-52.7,5.844,{'Pass'},0.051,0.03832;
];

