%% Figure Data Source
rram4t1r_vprog2p5V = [ % Wprog, Vds1, Vds2, Vte, Vbe, Vrram, Iprog, Iprog_Wprog, Ron, Breakdown_check
1,0.625,0.5039,1.875,0.5039,1.371,-134,-134,10.23,{'Pass'};
1.1,0.614,0.4949,1.886,0.4949,1.391,-145.2,-132,9.579,{'Pass'};
1.2,0.604,0.4868,1.896,0.4868,1.409,-156.3,-130.2,9.018,{'Pass'};
1.3,0.594,0.4796,1.906,0.4796,1.426,-167.1,-128.5,8.533,{'Pass'};
1.4,0.585,0.4732,1.915,0.4732,1.442,-177.7,-127,8.11,{'Pass'};
1.5,0.577,0.4671,1.923,0.4671,1.456,-188.2,-125.5,7.734,{'Pass'};
1.6,0.57,0.4614,1.93,0.4614,1.469,-198.6,-124.1,7.398,{'Pass'};
1.7,0.562,0.4559,1.938,0.4559,1.482,-208.8,-122.8,7.095,{'Pass'};
1.8,0.556,0.4507,1.944,0.4507,1.493,-219,-121.6,6.821,{'Pass'};
1.9,0.55,0.4457,1.95,0.4457,1.504,-229,-120.5,6.572,{'Pass'};
2,0.544,0.441,1.956,0.441,1.515,-238.9,-119.4,6.344,{'Pass'};
2.1,0.538,0.4365,1.962,0.4365,1.526,-248.7,-118.4,6.134,{'Pass'};
2.2,0.533,0.4322,1.967,0.4322,1.535,-258.4,-117.4,5.941,{'Pass'};
2.3,0.528,0.428,1.972,0.428,1.544,-268,-116.5,5.762,{'Pass'};
2.4,0.523,0.4241,1.977,0.4241,1.553,-277.5,-115.6,5.595,{'Pass'};
2.5,0.519,0.4202,1.981,0.4202,1.561,-287,-114.8,5.44,{'Pass'};
2.6,0.514,0.4166,1.986,0.4166,1.569,-296.3,-114,5.295,{'Pass'};
2.7,0.51,0.413,1.99,0.413,1.577,-305.6,-113.2,5.16,{'Pass'};
2.8,0.506,0.4096,1.994,0.4096,1.584,-314.8,-112.4,5.032,{'Pass'};
2.9,0.507,0.4108,1.993,0.4108,1.582,-326.5,-112.6,4.847,{'Pass'};
3,0.509,0.4135,1.991,0.4135,1.578,-339.1,-113,4.652,{'Pass'};
3.1,0.512,0.4166,1.988,0.4166,1.571,-352,-113.6,4.464,{'Pass'};
3.2,0.514,0.4203,1.986,0.4203,1.566,-365,-114.1,4.288,{'Pass'};
3.3,0.517,0.4244,1.983,0.4244,1.559,-378.2,-114.6,4.12,{'Pass'};
3.4,0.52,0.4287,1.98,0.4287,1.551,-391.6,-115.2,3.96,{'Pass'};
3.5,0.524,0.4333,1.976,0.4333,1.543,-405.4,-115.8,3.806,{'Pass'};
3.6,0.527,0.438,1.973,0.438,1.535,-419.4,-116.5,3.659,{'Pass'};
3.7,0.531,0.4429,1.969,0.4429,1.526,-433.7,-117.2,3.519,{'Pass'};
3.8,0.535,0.4479,1.965,0.4479,1.517,-448.1,-117.9,3.385,{'Pass'};
3.9,0.539,0.453,1.961,0.453,1.508,-462.8,-118.7,3.258,{'Pass'};
4,0.543,0.4581,1.957,0.4581,1.499,-477.7,-119.4,3.138,{'Pass'};
4.1,0.547,0.4633,1.953,0.4633,1.49,-492.7,-120.2,3.024,{'Pass'};
4.2,0.551,0.4684,1.949,0.4684,1.481,-507.8,-120.9,2.915,{'Pass'};
4.3,0.555,0.4735,1.945,0.4735,1.471,-523.1,-121.7,2.813,{'Pass'};
4.4,0.559,0.4786,1.941,0.4786,1.462,-538.5,-122.4,2.716,{'Pass'};
4.5,0.563,0.4835,1.937,0.4835,1.454,-553.9,-123.1,2.624,{'Pass'};
4.6,0.567,0.4884,1.933,0.4884,1.445,-569.4,-123.8,2.538,{'Pass'};
4.7,0.57,0.4931,1.93,0.4931,1.437,-584.9,-124.4,2.456,{'Pass'};
4.8,0.574,0.4977,1.926,0.4977,1.428,-600.4,-125.1,2.379,{'Pass'};
4.9,0.577,0.5022,1.923,0.5022,1.421,-615.9,-125.7,2.306,{'Pass'};
5,0.581,0.5065,1.919,0.5065,1.413,-631.5,-126.3,2.238,{'Pass'};
];

rram4t1r_vprog2p6V = [ % Wprog, Vds1, Vds2, Vte, Vbe, Vrram, Iprog, Iprog_Wprog, Ron, Breakdown_check
1,0.666,0.5434,1.934,0.5434,1.391,-145.2,-145.2,9.579,{'Pass'};
1.1,0.654,0.5343,1.946,0.5343,1.412,-157.5,-143.2,8.96,{'Pass'};
1.2,0.644,0.5259,1.956,0.5259,1.43,-169.7,-141.4,8.427,{'Pass'};
1.3,0.635,0.5186,1.965,0.5186,1.446,-181.6,-139.7,7.968,{'Pass'};
1.4,0.626,0.5121,1.974,0.5121,1.462,-193.3,-138.1,7.566,{'Pass'};
1.5,0.617,0.5059,1.983,0.5059,1.477,-204.8,-136.5,7.211,{'Pass'};
1.6,0.61,0.5001,1.99,0.5001,1.49,-216.2,-135.1,6.893,{'Pass'};
1.7,0.602,0.4945,1.998,0.4945,1.504,-227.5,-133.8,6.607,{'Pass'};
1.8,0.596,0.4892,2.004,0.4892,1.515,-238.7,-132.6,6.347,{'Pass'};
1.9,0.589,0.4842,2.011,0.4842,1.527,-249.8,-131.5,6.112,{'Pass'};
2,0.583,0.4794,2.017,0.4794,1.538,-260.7,-130.4,5.896,{'Pass'};
2.1,0.578,0.4748,2.022,0.4748,1.547,-271.6,-129.3,5.698,{'Pass'};
2.2,0.573,0.4704,2.027,0.4704,1.557,-282.3,-128.3,5.515,{'Pass'};
2.3,0.567,0.4662,2.033,0.4662,1.567,-293,-127.4,5.346,{'Pass'};
2.4,0.563,0.4621,2.037,0.4621,1.575,-303.6,-126.5,5.189,{'Pass'};
2.5,0.558,0.4582,2.042,0.4582,1.584,-314,-125.6,5.043,{'Pass'};
2.6,0.558,0.4594,2.042,0.4594,1.583,-326.9,-125.7,4.84,{'Pass'};
2.7,0.561,0.4628,2.039,0.4628,1.576,-340.9,-126.2,4.623,{'Pass'};
2.8,0.565,0.4667,2.035,0.4667,1.568,-355.2,-126.9,4.417,{'Pass'};
2.9,0.568,0.471,2.032,0.471,1.561,-369.9,-127.5,4.22,{'Pass'};
3,0.572,0.4756,2.028,0.4756,1.552,-384.9,-128.3,4.033,{'Pass'};
3.1,0.576,0.4806,2.024,0.4806,1.543,-400.2,-129.1,3.855,{'Pass'};
3.2,0.581,0.4861,2.019,0.4861,1.533,-415.6,-129.9,3.69,{'Pass'};
3.3,0.585,0.4919,2.015,0.4919,1.523,-431.1,-130.6,3.534,{'Pass'};
3.4,0.589,0.4978,2.011,0.4978,1.513,-446.9,-131.4,3.386,{'Pass'};
3.5,0.593,0.5039,2.007,0.5039,1.503,-462.9,-132.2,3.247,{'Pass'};
3.6,0.598,0.5099,2.002,0.5099,1.492,-479,-133.1,3.116,{'Pass'};
3.7,0.602,0.5159,1.998,0.5159,1.482,-495.3,-133.9,2.992,{'Pass'};
3.8,0.606,0.5219,1.994,0.5219,1.472,-511.8,-134.7,2.876,{'Pass'};
3.9,0.61,0.5278,1.99,0.5278,1.462,-528.3,-135.5,2.767,{'Pass'};
4,0.615,0.5336,1.985,0.5336,1.451,-544.9,-136.2,2.664,{'Pass'};
4.1,0.619,0.5392,1.981,0.5392,1.442,-561.6,-137,2.568,{'Pass'};
4.2,0.623,0.5446,1.977,0.5446,1.432,-578.3,-137.7,2.478,{'Pass'};
4.3,0.626,0.5499,1.974,0.5499,1.424,-595,-138.4,2.393,{'Pass'};
4.4,0.63,0.555,1.97,0.555,1.415,-611.7,-139,2.313,{'Pass'};
4.5,0.633,0.5599,1.967,0.5599,1.407,-628.4,-139.6,2.239,{'Pass'};
4.6,0.637,0.5646,1.963,0.5646,1.398,-645.1,-140.2,2.168,{'Pass'};
4.7,0.64,0.5691,1.96,0.5691,1.391,-661.7,-140.8,2.102,{'Pass'};
4.8,0.643,0.5735,1.957,0.5735,1.383,-678.4,-141.3,2.04,{'Pass'};
4.9,0.646,0.5776,1.954,0.5776,1.376,-695,-141.8,1.981,{'Pass'};
5,0.648,0.5816,1.952,0.5816,1.37,-711.5,-142.3,1.926,{'Pass'};
];

