%% RRAM MUX data
% Study the impact of prog. trans sizes
rram_mux32_nonisolate_one_level_sweep_wprog_0p5V = [%wprog,delay,leakage,dynamic_power,
1,1.3055e-11,5.234e-08,1.6525e-06,4.2815e-17;
2,1.3735e-11,8.91e-08,1.876e-06,4.979e-17;
3,1.5395e-11,1.239e-07,1.9675e-06,5.559e-17;
];

rram_mux32_nonisolate_one_level_sweep_wprog_0p6V = [%wprog,delay,leakage,dynamic_power,
1,9.9515e-12,5.887e-08,2.9835e-06,6.3055e-17;
2,9.9205e-12,1.056e-07,3.451e-06,7.2215e-17;
3,1.07e-11,1.529e-07,3.7395e-06,8.03e-17;
];

rram_mux32_nonisolate_one_level_sweep_wprog_0p7V = [%wprog,delay,leakage,dynamic_power,
1,8.1865e-12,7.026e-08,4.6855e-06,8.864e-17;
2,8.1645e-12,1.295e-07,5.4465e-06,1.0145e-16;
3,8.6645e-12,1.884e-07,5.8175e-06,1.1132e-16;
];

rram_mux32_nonisolate_two_level_sweep_wprog_0p5V = [%wprog,delay,leakage,dynamic_power,
1,1.766e-11,6.549e-08,1.4325e-06,4.5295e-17;
2,1.9135e-11,1.119e-07,1.787e-06,5.8285e-17;
3,2.1605e-11,1.598e-07,1.963e-06,7.0615e-17;
];

rram_mux32_nonisolate_two_level_sweep_wprog_0p6V = [%wprog,delay,leakage,dynamic_power,
1,1.37e-11,7.512e-08,2.5675e-06,6.609e-17;
2,1.353e-11,1.37e-07,3.3035e-06,8.3005e-17;
3,1.5205e-11,1.987e-07,3.7205e-06,1.01175e-16;
];

rram_mux32_nonisolate_two_level_sweep_wprog_0p7V = [%wprog,delay,leakage,dynamic_power,
1,1.181e-11,9.008e-08,3.944e-06,9.2765e-17;
2,1.1405e-11,1.686e-07,5.2175e-06,1.17985e-16;
3,1.2215e-11,2.468e-07,5.9665e-06,1.40075e-16;
];

rram_mux32_nonisolate_multi_level_sweep_wprog_0p5V = [%wprog,delay,leakage,dynamic_power,
1,3.5235e-11,1.163e-07,1.1429e-06,6.019e-17;
2,3.7665e-11,2.149e-07,1.64605e-06,9.164e-17;
3,4.1745e-11,3.134e-07,1.95725e-06,1.2075e-16;
];

rram_mux32_nonisolate_multi_level_sweep_wprog_0p6V = [%wprog,delay,leakage,dynamic_power,
1,2.892e-11,1.431e-07,1.936e-06,8.526e-17;
2,2.855e-11,2.697e-07,2.929e-06,1.2838e-16;
3,3.1205e-11,3.988e-07,3.6405e-06,1.6806e-16;
];

rram_mux32_nonisolate_multi_level_sweep_wprog_0p7V = [%wprog,delay,leakage,dynamic_power,
1,2.644e-11,1.725e-07,3.0255e-06,1.2187e-16;
2,2.489e-11,3.408e-07,4.578e-06,1.7415e-16;
3,2.62e-11,5.052e-07,5.743e-06,2.27615e-16;
];

