%%
%

%% SRAM MUX with wiring parasitics, 3 fins per transistors
% input size, delay, leakage power, dynamic power, energy_per_toggle
sram_mux_parasitic_0p5V = [
2,1.513e-11,1.11531095e-07,4.569e-06,8.7165e-17;
4,1.9245e-11,2.0315e-10,4.8065e-06,9.3285e-17;
6,2.198e-11,3.1525e-10,4.80005e-06,9.6735e-17;
8,2.5205e-11,4.2735e-10,4.74705e-06,1.00305e-16;
10,2.769e-11,5.3945e-10,4.77805e-06,1.043605e-16;
12,3.0265e-11,6.5155e-10,4.7338e-06,1.076215e-16;
14,3.1055e-11,6.02e-10,4.413675e-06,9.96305e-17;
16,3.1055e-11,6.6785e-10,4.41364e-06,9.96295e-17;
18,3.4355e-11,7.5985e-10,4.6146e-06,1.07666e-16;
20,3.4355e-11,8.2565e-10,4.61505e-06,1.07665e-16;
22,3.4355e-11,9.1155e-10,4.61505e-06,1.07664e-16;
24,3.4355e-11,9.775e-10,4.615e-06,1.076635e-16;
26,3.8075e-11,1.06945e-09,4.7618e-06,1.149825e-16;
28,3.8075e-11,1.13535e-09,4.7618e-06,1.149815e-16;
30,3.8075e-11,1.2013e-09,4.76175e-06,1.149805e-16;
32,3.8075e-11,1.2875e-09,4.7617e-06,1.149795e-16;
];

%% SRAM MUX 
% input size, delay, leakage power, dynamic power, energy_per_toggle
sram_mux_parasitic_0p6V = [
2,1.099e-11,5.5054402e-07,9.184e-06,1.42195e-16;
4,1.3295e-11,2.939e-10,9.6025e-06,1.51605e-16;
6,1.509e-11,4.571e-10,9.832e-06,1.6282e-16;
8,1.687e-11,6.2035e-10,9.9235e-06,1.7198e-16;
10,1.8925e-11,7.837e-10,1.0119e-05,1.7679e-16;
12,2.0055e-11,9.469e-10,1.017635e-05,1.8381e-16;
14,2.119e-11,9.007e-10,9.3557e-06,1.67999e-16;
16,2.119e-11,1.0044e-09,9.35575e-06,1.68e-16;
18,2.2675e-11,1.14425e-09,9.3565e-06,1.76981e-16;
20,2.2675e-11,1.248e-09,9.35655e-06,1.76982e-16;
22,2.2675e-11,1.3745e-09,9.3566e-06,1.76983e-16
24,2.2675e-11,1.478e-09,9.35665e-06,1.769845e-16;
26,2.467e-11,1.6175e-09,9.6647e-06,1.83739e-16;
28,2.467e-11,1.7215e-09,9.66465e-06,1.837375e-16;
30,2.467e-11,1.8245e-09,9.6646e-06,1.837365e-16;
32,2.467e-11,1.9515e-09,9.66455e-06,1.837355e-16;
];

%% SRAM MUX 
% input size, delay, leakage power, dynamic power, energy_per_toggle
sram_mux_parasitic_0p7V = [
2,9.2235e-12,1.71756065e-06,1.53325e-05,2.166e-16;
4,1.0825e-11,4.1335e-10,1.57535e-05,2.2431e-16;
6,1.225e-11,6.443e-10,1.64565e-05,2.42425e-16;
8,1.3415e-11,8.752e-10,1.6985e-05,2.5651e-16;
10,1.4565e-11,1.10635e-09,1.7285e-05,2.6993e-16;
12,1.6055e-11,1.33745e-09,1.7376e-05,2.78925e-16;
14,1.6445e-11,1.3065e-09,1.62435e-05,2.61775e-16;
16,1.6445e-11,1.463e-09,1.62435e-05,2.61775e-16;
18,1.772e-11,1.6685e-09,1.62045e-05,2.7523e-16;
20,1.772e-11,1.825e-09,1.62045e-05,2.75235e-16;
22,1.772e-11,2.0065e-09,1.62045e-05,2.75235e-16;
24,1.772e-11,2.163e-09,1.6205e-05,2.75235e-16;
26,1.9175e-11,2.3685e-09,1.637155e-05,2.84595e-16;
28,1.9175e-11,2.5245e-09,1.637165e-05,2.84595e-16;
30,1.9175e-11,2.681e-09,1.63717e-05,2.84595e-16;
32,1.9175e-11,2.8625e-09,1.63718e-05,2.846e-16;
];
