%clear all
%0 0 2318787 2545448
%source 0 0 0 0
%num sink 1016
sinks=[1 24584 121601 4.6054
2 28874 37530 2.0889
3 29338 37530 2.0711
4 1542967 110779 3.8294
5 1521326 112986 2.4769
6 1510505 114560 1.2592
7 1542967 146508 6.0085
8 1562259 129635 26.5621
9 1564609 117769 3.6238
10 1510505 134796 4.8843
11 1499987 125306 31.8331
12 1542967 161848 4.8598
13 1523894 144835 8.1389
14 1542967 187480 3.8824
15 1586251 134944 4.8725
16 1542967 198354 4.2353
17 1535658 181173 27.6459
18 1586251 172334 4.7304
19 1564609 203556 3.6114
20 1586251 208646 4.2661
21 1364828 43837 1.7706
22 1366490 48004 1.9841
23 1369260 59141 19.7281
24 1369369 112966 1.9305
25 1387899 132205 32.0767
26 1376228 106980 1.6709
27 1368295 117983 17.8673
28 1358026 123971 3.7156
29 1365910 132772 2.4106
30 1418385 48004 2.7067
31 1411976 106980 1.8074
32 1404556 112966 2.2134
33 1409657 112248 2.5087
34 1413696 124689 1.6022
35 1412266 124689 1.7455
36 2000748 51281 2.0820
37 1985973 66394 25.9758
38 1945523 54700 2.0725
39 1945986 54700 2.0873
40 2000316 55418 1.9789
41 2000748 54700 1.9284
42 2001868 53981 1.6849
43 1990468 124677 1.6853
44 1957039 124677 1.6430
45 1992593 124677 1.8283
46 1962140 138770 1.7677
47 1997327 138770 1.5797
48 1953001 138770 2.1889
49 2008670 138770 4.0110
50 2016403 157702 22.2414
51 1941233 138770 4.6225
52 2000786 160583 2.1624
53 2002023 160583 2.4696
54 685045 65960 2.4052
55 674765 38541 1.9644
56 691209 33737 6.7583
57 681624 46155 1.9510
58 692967 57159 3.7605
59 684504 38541 1.6488
60 678379 36462 18.1540
61 646437 46155 2.2094
62 641336 45436 2.4937
63 1845952 68632 1.3753
64 1812658 137114 2.0832
65 1812194 137114 2.0633
66 1807904 216404 4.3007
67 1823710 207091 1.6541
68 1804580 216086 3.7565
69 1828812 216404 1.6569
70 1819672 216404 2.1482
71 1607893 70584 1.3032
72 1612158 58238 32.8309
73 1640355 137576 3.7955
74 1618714 171148 4.8930
75 1620978 166868 5.3560
76 1607893 137095 5.7411
77 1651176 163402 5.5766
78 1629535 178548 3.6916
79 1672818 171363 3.5446
80 1618714 215636 3.7593
81 1628013 214967 8.1678
82 1640355 196963 3.5759
83 1597072 183014 3.8417
84 1587034 197645 3.4254
85 1672818 183014 3.6211
86 1689121 179343 18.6938
87 1478042 75438 1.1423
88 1478042 72066 1.5832
89 1478042 102685 0.8226
90 1478042 107692 1.3657
91 1465542 92132 27.2603
92 1499684 110779 1.1586
93 1488863 112986 1.4820
94 1421174 47285 2.4543
95 1420594 47285 1.9993
96 1416218 55772 25.9676
97 1418816 48004 2.4366
98 1445580 127090 1.0123
99 1445580 121070 1.7407
100 1427348 135257 5.5541
101 1425463 112966 4.6871
102 1467221 123789 1.4422
103 1467221 129614 5.2298
104 1478042 119594 1.5594
105 1456400 153693 5.4771
106 1467221 119323 2.8620
107 1467221 115245 1.5929
108 1445580 166509 5.3760
109 1478042 169033 5.0013
110 1488863 151945 5.0918
111 1499684 169503 0.8268
112 1511044 178738 7.5411
113 1499684 171363 1.3688
114 1434759 159173 4.7635
115 1206650 40963 1.9623
116 1205954 38264 1.8245
117 1210163 23225 15.3197
118 1173530 41665 2.4894
119 1172603 43647 2.5345
120 1216736 110941 1.6643
121 1162825 107508 1.6741
122 1209761 120254 1.5539
123 1203961 119481 25.0026
124 1206302 147267 2.2147
125 1198418 120254 4.6284
126 1181141 133216 28.0207
127 1169723 116820 1.5487
128 1173182 135139 2.1403
129 1173707 142388 23.7661
130 1181066 116820 4.6296
131 1164100 98736 9.6209
132 1856773 63052 0.8228
133 1867594 55826 2.8156
134 1883457 133695 2.0804
135 1884578 136395 1.6982
136 1894420 126378 19.6010
137 1883026 137832 1.9917
138 1883457 137114 1.9226
139 1891379 216404 4.6039
140 1875303 207091 1.8364
141 1858373 194862 18.2324
142 1873061 207091 1.6728
143 1880037 216404 1.5340
144 1304908 112986 1.0989
145 1302809 113537 9.5523
146 1274937 41682 2.5441
147 1272163 54668 26.6442
148 1275246 40963 2.3044
149 1277140 40963 1.9136
150 1277604 40963 2.1022
151 1268406 110941 1.8046
152 1270004 107563 30.4094
153 1294087 124862 1.2484
154 1266087 110941 1.6533
155 1281893 120254 4.2931
156 1304908 121070 0.9390
157 1260986 120254 1.6683
158 1270126 120254 2.1422
159 1266157 126620 10.9632
160 1268696 120254 2.3312
161 73819 107508 1.6765
162 91091 117728 10.9119
163 75945 107508 1.8434
164 83668 38249 2.0117
165 84099 37530 1.9235
166 85220 36812 1.6726
167 84099 34112 2.0844
168 86520 29283 22.9958
169 40391 107508 1.6370
170 80679 121601 1.6104
171 84138 143413 2.1591
172 85375 143413 2.4845
173 45492 121601 1.7728
174 32439 111362 8.5195
175 92022 121601 4.0131
176 36352 121601 2.1652
177 980282 87089 1.6754
178 980282 100487 1.0243
179 207573 120254 4.6084
180 519833 105660 1.8375
181 511679 39099 2.0658
182 510558 39099 2.2270
183 521958 105660 1.6633
184 511679 35681 2.0527
185 510558 35681 2.0325
186 549204 105660 1.6532
187 562358 93845 3.3925
188 503756 119753 3.9724
189 515099 119753 1.5915
190 511640 141566 2.1325
191 521012 151478 24.3780
192 510635 141566 2.1917
193 544103 119753 1.7544
194 139904 110941 1.6588
195 128388 40964 2.0802
196 128851 40964 2.0644
197 199220 41683 1.9841
198 199651 40964 1.9373
199 200772 40246 1.6856
200 199651 37545 2.0819
201 189255 110941 1.6740
202 191497 110941 1.8312
203 145005 120254 1.6788
204 196231 120254 1.5454
205 196656 128617 4.8032
206 135866 120254 2.1360
207 124098 120254 4.2670
208 112068 135721 10.9052
209 200926 138573 2.1201
210 199689 138573 2.0552
211 553242 119753 2.1551
212 542948 115171 24.2773
213 565010 119753 4.5807
214 637297 57877 1.5904
215 625650 59301 19.9096
216 638727 57877 1.7744
217 559832 39099 2.3198
218 560720 39099 2.7414
219 627733 37822 1.9201
220 625530 46155 4.6684
221 625476 46699 28.6730
222 632177 38541 2.0193
223 643596 53333 7.1344
224 639017 38541 2.0287
225 1012744 72137 3.7345
226 1023565 127090 1.6045
227 1029456 110394 24.5805
228 1056028 97391 1.2528
229 991103 103012 3.2680
230 1045207 110779 5.0625
231 1034386 127090 1.5696
232 1034386 131362 1.1233
233 1069804 38846 1.7975
234 1070268 38846 1.7733
235 1045207 127090 1.1485
236 1072162 34830 2.4479
237 1045207 130974 1.4330
238 1033764 119190 30.1296
239 1056028 127090 1.5276
240 1065514 116820 4.2807
241 1075688 118221 17.2630
242 1079002 107508 1.8089
243 1079394 113984 6.8152
244 1081321 107508 1.6356
245 1072471 40947 2.9860
246 1086422 116820 1.6531
247 1086234 110379 14.1510
248 1077282 116820 2.2333
249 1078712 116820 2.4386
250 126301 236852 2.0298
251 128542 236852 2.0273
252 204327 233792 2.7484
253 212493 235232 15.6181
254 202395 236852 2.0765
255 199651 236852 1.9503
256 199220 236852 2.1011
257 1716102 374864 5.0620
258 1726922 355446 5.4454
259 1715551 338915 8.9113
260 1705281 356805 5.0385
261 1694460 346513 4.7383
262 1705281 383796 5.1572
263 1748564 376029 4.2088
264 1683639 321076 4.8208
265 1737743 308066 6.1380
266 1737720 313639 3.3182
267 1694460 286706 5.1977
268 1694460 270201 4.0310
269 1726922 258550 3.7053
270 1748564 275638 4.7321
271 1812348 333002 2.0477
272 1810107 333002 2.0399
273 1797093 346346 10.9803
274 1943436 250588 2.0189
275 2000316 250588 2.0972
276 2000748 250588 1.9332
277 1945677 250588 2.0497
278 2005424 247528 2.7720
279 2003492 250588 2.0505
280 29029 233418 2.0454
281 26787 233418 2.0412
282 1279691 236852 2.0151
283 1275208 249203 15.2447
284 1275710 236852 2.0935
285 1268319 229747 13.4226
286 1276715 236852 1.9241
287 1277449 236852 2.0439
288 2084996 442029 2.0711
289 2086117 442029 2.0275
290 2084996 445446 2.0590
291 2086117 445446 2.2223
292 2036843 445446 2.3170
293 2035954 445446 2.7318
294 1910877 403010 0.9031
295 1921698 343407 1.7217
296 1935347 332528 26.0019
297 1932519 343407 1.1219
298 1888133 329942 2.7812
299 1875634 328720 32.0882
300 1886201 333002 2.0669
301 1910877 415447 1.0919
302 1921698 412146 1.4161
303 1921698 405156 1.1428
304 1883026 333002 2.0998
305 1883457 333002 1.9577
306 1921698 330897 0.8595
307 1906215 331302 28.4234
308 1921698 334331 1.7469
309 1933601 346783 4.8831
310 1884732 234723 2.1238
311 1883496 234723 2.0381
312 1868796 252612 15.3578
313 1206340 236852 1.8966
314 1203597 236852 2.1836
